0.00 0.00
17.70 131.87
0.14 0.14
0.14 0.15
73.28 600
0.24 600
263.65 600
0.01 0.01
0.00 0.01
0.09 0.01
0.00 0.00
0.00 0.00
0.00 0.00
0.01 0.00
0.00 0.01
0.20 0.01
0.02 0.00
0.01 0.01
0.06 0.02
0.00 0.00
0.00 0.00
0.01 0.00
0.01 0.01
0.00 0.00
0.02 0.01
0.00 0.00
0.00 0.00
0.00 0.00
0.10 0.03
3.06 0.14
0.03 0.00
0.00 0.00
0.00 0.00
0.00 0.00
0.00 0.00
0.00 0.00
0.01 0.00
0.01 0.01
0.01 0.01
0.01 0.01
0.02 0.00
0.02 0.01
0.01 0.00
0.02 0.01
0.01 0.01
0.00 0.01
0.00 0.00
0.00 0.00
0.00 0.00
0.02 0.00
0.01 0.01
0.36 0.00
0.00 0.00
0.00 0.00
0.00 0.00
0.01 0.00
0.01 0.00
0.22 0.01
0.07 0.02
0.80 0.13
0.06 0.00
0.01 0.02
0.01 0.00
0.01 0.01
0.00 0.01
0.00 0.01
0.01 0.00
0.02 0.01
0.01 0.01
0.00 0.00
0.06 0.26
0.02 0.01
7.94 0.00
0.00 0.00
0.00 0.00
0.01 0.00
0.01 0.00
0.02 0.03
0.01 0.00
0.01 0.01
0.01 0.03
0.01 0.01
0.00 0.00
0.02 0.04
0.01 0.00
0.02 0.26
0.02 0.01
57.79 0.00
0.01 0.01
0.03 0.03
0.03 0.01
0.02 0.01
0.02 0.02
0.02 0.00
0.01 0.01
0.02 0.04
0.02 0.00
0.01 0.00
0.01 0.01
0.05 0.29
0.02 0.01
0.00 0.00
0.21 0.22
0.04 0.01
0.04 0.01
0.19 4.39
0.05 0.02
0.02 0.02
0.62 0.33
0.03 0.01
0.01 0.01
0.06 0.34
0.01 0.00
0.01 0.01
0.56 154.24
0.00 0.18
0.00 0.20
0.00 0.00
0.00 0.00
0.00 0.00
0.00 0.00
0.00 0.00
0.00 0.00
0.00 0.01
0.00 0.00
0.00 0.01
0.00 0.00
0.00 0.00
0.01 0.00
0.01 0.01
0.00 0.00
0.00 0.00
0.00 0.00
0.00 0.00
0.00 0.01
0.01 0.00
0.00 0.00
0.00 0.00
0.02 0.00
0.02 0.01
0.00 0.00
0.00 0.00
0.00 0.00
0.00 0.00
0.00 0.00
0.00 0.00
0.00 0.00
0.00 0.01
0.00 0.02
0.00 0.01
0.00 0.00
0.01 0.04
0.00 0.00
0.00 0.00
0.01 0.01
0.03 0.00
0.02 0.00
0.01 0.01
0.17 0.01
0.03 0.02
0.01 0.02
0.03 0.00
0.02 0.00
0.02 0.04
0.00 0.00
0.00 0.00
0.00 0.00
0.00 0.00
0.00 0.00
0.00 0.00
0.00 0.00
0.00 0.00
0.00 0.00
0.00 0.00
0.00 0.00
0.53 0.01
0.05 0.00
0.00 0.00
0.00 0.00
0.00 0.00
0.00 0.00
0.00 0.00
0.01 0.00
0.01 0.01
0.00 0.00
0.00 0.01
0.00 0.00
0.00 0.00
0.00 0.00
0.00 0.00
0.00 0.00
0.00 0.00
0.00 0.00
0.00 0.00
0.00 0.00
0.00 0.00
0.00 0.00
0.00 0.00
0.00 0.00
0.00 0.00
0.00 0.00
0.00 0.00
0.00 0.00
0.00 0.00
0.00 0.00
0.00 0.00
0.00 0.00
0.00 0.00
0.00 0.00
0.00 0.00
0.00 0.00
0.00 0.00
0.00 0.00
0.00 0.01
0.00 0.00
0.00 0.00
0.00 0.00
0.00 0.00
0.00 0.00
0.00 0.00
0.00 0.00
0.00 0.00
0.68 0.01
0.01 0.00
0.12 0.13
0.00 0.00
0.00 0.00
0.00 0.00
0.00 0.00
0.01 0.00
0.01 0.00
0.06 0.01
0.06 0.00
0.00 0.00
0.00 0.00
0.01 0.00
0.01 0.00
0.01 0.00
0.01 0.01
0.00 0.00
0.00 0.00
0.00 0.00
0.01 0.00
0.01 0.00
0.00 0.00
0.00 0.01
10.33 0.02
1.88 0.01
600 0.01
600 0.01
600 0.01
0.23 0.01
600 0.02
600 0.02
600 0.02
600 0.01
600 0.02
600 0.01
600 0.02
600 0.02
600 0.02
600 0.02
600 0.03
600 0.02
600 0.02
600 0.02
600 0.02
600 0.02
600 0.03
600 0.02
0.43 0.02
0.03 0.02
600 0.02
8.21 0.03
600 0.03
6.44 0.03
600 0.03
600 0.04
600 0.03
600 0.03
600 0.03
600 0.03
600 0.03
600 0.03
600 0.03
600 0.04
600 0.06
0.36 0.00
0.00 0.00
600 1.93
0.00 0.00
0.02 0.00
0.00 0.00
0.00 0.00
0.01 0.03
0.00 0.00
0.00 0.00
0.01 0.04
1.26 600
166.67 35.82
600 600
0.03 0.00
0.36 0.61
0.13 0.09
1.88 0.19
13.51 12.74
0.13 0.11
75.63 3.01
0.00 0.00
0.01 0.01
0.00 0.00
0.02 0.00
20.59 600
0.01 0.03
0.09 0.03
0.00 0.00
125.35 90.02
0.00 0.00
0.03 0.00
0.47 0.42
29.74 0.01
29.98 0.02
0.00 0.00
0.01 0.06
0.00 0.00
0.60 0.06
0.02 0.00
0.03 0.01
600 0.06
18.52 0.02
0.16 0.01
0.17 0.01
39.75 600
0.04 0.01
0.02 0.02
0.01 0.02
0.63 0.01
0.15 0.14
0.08 0.20
0.07 0.78
0.01 0.00
0.01 0.03
0.17 600
0.16 600
0.01 0.00
0.00 0.00
0.18 0.01
0.02 5.30
0.02 5.19
0.00 0.00
0.00 0.01
0.01 0.02
0.00 0.00
154.55 600
2.86 600
0.24 600
43.05 600
182.05 600
3.28 63.47
3.23 600
0.02 0.08
3.17 600
8.26 600
3.21 600
12.32 600
3.20 600
12.37 600
3.18 600
8.09 600
0.37 0.81
600 600
600 600
44.34 600
115.81 0.16
0.01 0.01
0.00 0.01
600 1.32
0.00 0.01
1.18 0.04
0.43 0.01
3.17 0.19
0.16 0.20
0.02 0.01
0.08 0.01
108.65 600
99.80 600
0.15 0.05
32.83 600
0.07 0.11
0.03 0.01
0.02 0.01
0.02 0.01
0.01 0.00
6.62 1.36
5.96 1.40
600 0.02
600 0.02
0.18 0.00
0.14 0.02
0.20 0.02
1.84 6.61
2.26 0.15
0.00 0.01
0.00 0.00
0.01 0.03
0.01 0.01
2.83 0.26
1.58 0.24
0.08 0.01
0.04 600
0.93 0.04
0.83 0.02
0.01 0.01
0.13 0.01
4.36 0.00
0.32 600
0.10 0.00
0.09 0.00
0.08 0.00
0.09 0.00
0.09 0.00
0.10 0.00
0.04 0.01
0.04 0.01
0.04 0.01
0.04 0.00
0.03 0.00
0.02 0.00
1.22 0.02
0.02 0.29
0.10 0.00
0.10 0.01
0.08 0.01
0.08 0.01
0.10 0.01
0.10 0.00
0.10 0.00
0.10 0.00
0.09 0.00
0.10 0.01
0.10 0.00
0.11 0.01
3.15 0.02
3.18 0.00
0.12 0.01
0.12 0.01
3.24 0.12
0.00 0.01
0.06 600
0.08 600
0.14 600
0.07 1.56
0.07 600
0.07 600
0.08 600
0.07 1.53
0.07 600
0.07 600
0.02 0.02
0.02 0.02
0.05 23.11
0.02 0.02
0.03 0.01
0.61 600
0.60 600
0.40 0.01
0.01 0.01
0.08 0.08
0.02 55.93
23.96 0.01
0.01 0.00
0.01 14.88
0.02 31.10
0.02 0.01
0.05 0.08
1.35 0.00
