600 600
600 600
600 600
600 600
229.61 600
0.16 2.75
600 600
600 46.53
600 600
600 600
40.05 600
600 600
71.11 600
600 600
600 600
600 0.53
600 0.09
0.00 0.00
0.00 0.00
600 0.97
600 0.12
0.00 0.00
0.00 0.00
0.00 0.01
0.00 0.00
0.00 0.00
0.00 0.00
0.00 0.00
0.00 0.00
0.00 0.00
0.00 0.00
0.00 0.00
0.00 0.00
0.00 0.00
0.00 0.00
0.00 0.00
0.00 0.00
0.00 0.00
0.00 0.00
0.00 0.00
0.00 0.00
0.00 0.00
0.00 0.00
0.02 0.01
0.01 0.01
600 600
600 600
0.12 0.08
0.14 0.08
600 600
0.06 0.06
0.10 0.12
0.12 0.11
600 600
600 600
600 600
600 600
600 600
600 600
0.00 0.00
0.00 0.00
0.00 0.01
600 600
600 600
600 600
0.29 0.28
0.31 0.31
1.72 2.13
1.22 1.41
600 600
0.00 0.00
0.05 0.08
0.01 0.01
0.24 0.35
0.01 0.02
0.36 0.53
0.00 0.00
0.07 0.08
0.01 0.00
0.25 0.30
0.00 0.02
0.36 0.50
0.00 0.00
0.23 0.30
0.01 0.00
0.24 0.30
0.01 0.02
0.64 0.34
0.01 0.01
0.24 0.34
0.00 0.00
0.14 0.19
0.75 0.19
160.74 154.96
0.01 0.00
0.14 0.18
0.02 0.02
0.36 0.50
0.38 0.14
90.74 125.09
0.23 0.11
26.59 10.46
0.01 0.01
0.24 0.32
0.00 0.00
0.22 0.33
0.00 0.00
0.06 0.06
0.01 0.01
0.37 0.51
0.02 0.02
0.61 0.81
0.00 0.00
0.07 0.08
0.00 0.00
0.14 0.17
0.00 0.00
0.14 0.18
0.64 0.19
133.15 192.61
0.01 0.02
0.24 0.29
0.00 0.00
0.14 0.19
0.02 0.01
4.25 0.77
0.00 0.00
0.08 0.08
0.00 0.00
0.12 0.18
0.01 0.01
0.22 0.30
0.02 0.02
0.38 0.50
0.01 0.02
0.58 0.80
0.00 0.00
0.13 0.19
0.00 0.00
0.15 0.20
0.02 0.03
0.59 0.76
0.10 0.04
59.85 57.81
0.01 0.01
0.60 0.83
0.02 0.03
2.10 3.44
0.01 0.00
0.23 0.31
0.00 0.01
0.25 0.33
0.02 0.01
0.36 0.54
0.00 0.00
0.22 0.31
0.00 0.00
0.15 0.19
0.00 0.00
0.06 0.08
0.01 0.02
0.34 0.50
0.01 0.01
0.24 0.31
0.00 0.00
0.07 0.08
0.02 0.02
1.05 1.60
0.00 0.01
0.23 0.32
0.01 0.02
0.01 0.02
600 0.02
600 0.02
600 600
600 600
0.02 0.06
0.00 0.01
600 600
0.01 0.00
600 600
2.44 3.97
1.72 100.23
600 600
600 600
0.01 0.04
0.01 0.01
0.01 0.02
600 600
0.19 0.23
600 600
600 6.84
23.56 8.32
600 0.96
600 44.93
0.02 0.02
0.03 0.03
0.03 0.03
600 600
8.79 0.17
600 600
0.01 0.07
600 600
0.57 80.94
24.14 0.90
0.01 0.02
0.00 0.00
600 0.13
0.00 0.00
600 5.47
0.00 0.01
600 600
0.01 0.01
0.03 0.02
0.00 0.00
600 600
0.35 0.12
600 0.01
0.00 0.01
600 600
0.01 0.02
600 1.05
600 58.11
0.02 0.03
0.02 0.02
0.02 0.03
600 600
0.06 0.20
600 600
0.02 0.07
600 600
0.38 0.11
600 600
1.07 8.61
0.00 0.01
0.00 0.02
0.00 0.01
0.00 0.01
600 0.24
0.01 0.01
0.01 0.02
600 15.87
0.01 0.01
600 600
0.00 0.01
0.19 0.02
0.01 0.01
600 600
0.36 0.11
600 600
0.34 0.10
600 0.01
0.01 0.01
600 600
0.02 0.02
0.00 0.01
0.00 0.01
600 600
0.12 0.19
1.02 0.14
600 600
600 600
1.44 1.76
24.75 6.78
600 600
19.13 0.08
600 600
600 600
600 600
600 600
600 600
600 600
600 42.45
600 600
600 600
600 600
600 600
600 5.90
600 24.70
600 600
600 600
600 225.13
600 600
600 600
600 600
69.31 600
600 600
600 600
600 16.10
0.18 3.42
0.00 0.01
0.00 0.00
0.00 0.00
600 600
600 600
0.01 0.02
0.01 0.01
600 3.06
600 600
0.03 0.01
0.03 0.00
600 600
600 600
600 600
600 600
600 600
600 600
600 600
600 600
600 600
600 600
600 600
600 600
600 600
0.01 0.01
600 600
0.01 0.01
600 600
0.33 600
600 0.14
600 600
0.00 0.02
0.01 0.02
600 600
600 600
0.36 0.38
0.44 5.37
0.24 29.54
0.00 0.00
600 5.66
600 600
0.04 0.01
0.05 0.01
0.00 0.01
600 4.76
0.01 0.01
0.00 0.01
600 600
600 600
600 600
600 600
600 600
600 600
600 600
600 600
600 600
600 600
600 600
600 600
600 600
600 600
600 600
600 600
600 600
600 600
0.59 1.66
0.00 0.00
600 0.01
0.01 0.02
600 0.01
0.00 0.00
0.02 0.04
600 0.01
600 0.01
0.01 0.02
0.00 0.01
600 0.01
0.01 0.02
0.00 0.01
600 0.01
0.01 0.02
0.08 0.00
600 0.01
0.02 0.02
0.00 0.01
0.00 0.00
0.01 0.02
0.00 0.01
600 0.06
0.02 0.06
0.00 0.01
0.00 0.00
0.01 0.02
0.00 0.00
600 0.03
0.01 0.02
0.00 0.00
600 0.03
0.01 0.02
0.01 0.02
600 0.10
0.03 0.05
0.00 0.01
600 0.02
0.02 0.02
0.00 0.00
600 0.01
0.00 0.02
0.00 0.00
600 0.00
0.01 0.02
0.00 0.00
0.00 0.00
0.01 0.02
0.09 0.01
600 0.01
0.01 0.02
0.01 0.01
600 0.03
0.01 0.09
0.01 0.00
600 0.02
0.03 0.06
0.00 0.01
600 0.01
0.01 0.04
600 0.02
600 0.02
0.03 0.04
600 0.01
0.00 0.01
0.02 0.08
600 0.01
600 0.04
0.02 0.05
600 0.02
600 0.02
0.02 0.04
600 0.00
600 0.00
0.02 0.04
8.83 0.01
600 0.02
0.02 0.04
600 0.10
0.01 0.02
0.02 0.08
600 1.32
600 0.02
0.02 0.08
600 0.01
600 0.01
0.01 0.04
0.74 0.00
600 0.02
0.03 0.04
0.00 0.00
600 0.01
0.01 0.02
600 0.00
600 0.00
0.02 0.03
600 0.01
600 0.02
0.01 0.01
0.00 0.00
600 0.01
0.01 0.02
0.00 0.01
600 0.01
0.01 0.03
0.00 0.03
600 0.01
0.03 0.04
0.00 0.00
0.00 0.00
0.01 0.02
0.00 0.00
0.00 0.00
0.00 0.02
0.00 0.00
0.00 0.01
0.01 0.01
0.00 0.00
0.00 0.00
0.00 0.02
0.00 0.01
0.00 0.00
0.00 0.02
0.00 0.01
0.00 0.00
0.02 0.02
600 0.02
0.04 0.02
600 0.02
0.00 0.01
600 0.01
0.01 0.01
600 0.07
0.00 0.00
0.00 0.01
0.01 0.02
0.00 0.01
0.01 0.01
0.02 0.01
0.00 0.01
0.00 0.01
0.01 0.02
0.00 0.01
0.00 0.01
0.01 0.02
0.00 0.01
0.00 0.00
0.01 0.01
0.00 0.01
0.00 0.02
0.00 0.02
0.36 0.02
0.01 0.01
0.02 0.02
0.02 0.02
0.03 0.02
0.02 0.03
600 0.03
0.00 0.00
600 0.01
0.01 0.02
0.00 0.01
600 0.05
0.01 0.02
0.01 0.02
0.02 0.02
0.01 0.02
0.00 0.01
600 8.28
0.85 0.08
0.02 0.03
0.01 0.02
0.02 0.02
0.11 0.04
0.01 0.02
9.39 0.05
0.26 0.46
0.01 0.02
0.00 0.01
0.01 0.03
0.01 0.02
0.01 0.04
0.02 0.02
0.01 0.03
0.01 0.02
0.00 0.01
0.01 0.01
0.01 0.02
0.02 0.02
0.01 0.02
0.00 0.01
0.00 0.02
0.01 0.02
0.01 0.02
0.01 0.01
0.01 0.01
0.01 0.02
0.01 0.02
0.01 0.01
0.00 0.02
0.02 0.02
0.00 0.02
0.01 0.02
0.01 0.02
0.01 0.02
0.01 0.02
0.02 0.02
0.00 0.02
0.01 0.02
0.01 0.02
0.01 0.02
0.01 0.01
0.01 0.01
0.01 0.03
0.02 0.02
600 11.76
0.29 0.35
0.05 0.12
0.00 0.01
0.00 0.02
0.01 0.02
0.00 0.01
0.02 0.03
0.01 0.02
600 600
600 600
0.01 0.04
0.02 0.03
0.04 0.06
0.02 0.04
0.04 0.07
0.03 0.04
0.00 0.02
0.01 0.01
0.01 0.02
0.04 0.05
0.01 0.02
0.02 0.04
0.01 0.03
0.02 0.02
600 600
0.06 0.36
600 600
0.01 0.04
600 600
0.10 0.87
600 600
600 600
0.02 0.10
0.13 0.02
0.06 0.05
600 600
0.08 0.35
600 600
600 600
3.55 5.76
0.02 0.03
0.03 0.03
0.04 0.04
0.04 0.05
0.02 0.03
0.03 0.04
0.04 0.05
0.02 0.03
0.03 0.05
0.04 0.06
0.03 0.05
0.05 0.07
0.02 0.03
0.04 0.05
0.02 0.04
0.04 0.04
0.02 0.03
0.04 0.05
0.03 0.06
0.06 0.07
0.04 0.05
0.05 0.08
0.04 0.05
0.05 0.06
0.04 0.07
0.02 0.03
0.05 0.06
0.04 0.05
0.03 0.05
0.05 0.06
0.05 0.06
0.03 0.04
0.04 0.07
0.05 0.10
0.08 0.08
0.04 0.06
0.05 0.06
0.03 0.06
600 600
0.02 0.05
0.05 0.07
0.04 0.05
0.02 0.04
0.03 0.04
0.03 0.04
0.02 0.03
0.04 0.05
0.03 0.05
0.04 0.07
0.04 0.13
0.09 0.14
0.02 0.04
0.04 0.05
0.05 0.07
600 600
0.02 0.04
0.03 0.05
0.03 0.06
600 600
0.01 0.00
0.00 0.01
0.01 0.01
600 0.00
0.00 0.00
600 0.00
0.00 0.00
0.02 0.05
0.01 0.01
0.01 0.01
0.33 0.01
0.00 0.00
0.32 0.02
0.00 0.00
600 600
0.03 0.03
600 600
600 600
600 34.84
600 600
600 600
600 600
600 600
600 0.02
600 5.68
600 60.13
600 600
600 600
600 600
600 600
600 0.47
600 14.71
0.00 0.00
600 600
600 600
600 600
0.00 0.00
600 600
600 600
600 600
600 600
600 600
600 600
600 600
600 600
0.02 0.06
0.01 0.06
0.02 0.06
0.16 6.85
0.16 1.35
0.17 1.27
0.16 1.34
0.17 1.26
0.12 4.40
0.68 12.75
0.08 0.04
0.82 0.92
0.09 0.05
0.00 0.01
0.00 0.00
0.00 0.00
0.01 0.01
0.02 0.02
0.02 0.02
0.04 0.15
0.04 0.14
0.04 0.20
0.11 0.23
0.04 0.20
0.10 0.22
0.02 0.08
0.18 0.32
0.02 0.08
0.18 0.34
0.02 0.03
0.02 0.03
0.02 0.01
0.00 0.01
0.00 0.00
0.00 0.01
0.00 0.00
0.00 0.00
0.02 0.02
0.02 0.02
0.04 0.06
0.04 0.06
0.00 0.01
0.00 0.00
0.00 0.00
0.00 0.00
0.02 0.03
0.02 0.02
0.06 0.06
0.02 0.06
0.00 0.00
0.00 0.00
0.00 0.00
0.00 0.00
600 0.40
600 0.40
600 0.16
600 0.16
0.00 0.01
0.00 0.01
0.01 0.01
0.01 0.00
0.00 0.00
0.00 0.01
0.00 0.00
0.00 0.00
0.01 0.00
0.01 0.00
600 0.07
600 0.07
600 0.06
600 0.06
600 0.28
600 0.21
600 0.32
600 0.22
0.02 0.02
0.02 0.02
600 0.01
600 0.01
0.02 0.07
0.61 0.00
0.00 0.00
0.01 0.01
0.05 0.01
600 600
600 600
600 0.00
0.00 0.00
600 600
600 600
0.00 0.00
0.00 0.01
600 0.01
0.00 0.01
600 0.03
600 0.02
0.00 0.00
0.00 0.00
97.31 0.02
0.00 0.01
0.02 0.03
0.01 0.02
0.01 0.01
0.00 0.00
0.01 0.01
0.01 0.01
0.00 0.01
0.01 0.02
0.02 0.01
0.01 0.02
0.01 0.00
0.02 0.03
0.01 0.01
0.00 0.01
0.01 0.01
0.02 0.02
0.01 0.02
0.01 0.02
0.02 0.02
0.02 0.02
0.02 0.02
0.01 0.01
0.02 0.02
0.02 0.02
0.01 0.03
0.01 0.03
0.02 0.02
0.02 0.02
0.87 0.18
0.47 0.08
11.27 600
1.14 36.33
4.39 600
0.02 0.03
0.23 0.31
600 600
600 600
600 600
600 600
600 600
600 600
600 600
600 600
600 600
600 600
600 600
7.94 2.95
600 14.31
600 600
0.34 0.40
2.60 0.74
0.35 0.36
600 600
0.36 0.41
2.71 0.76
0.37 0.36
600 600
600 600
10.63 9.51
1.79 3.56
600 600
600 600
600 600
1.36 0.31
0.12 0.08
0.32 0.16
0.11 0.18
600 600
600 600
600 600
600 600
600 600
600 600
600 600
600 600
42.20 0.30
0.08 0.21
1.20 6.81
0.40 0.19
600 0.83
0.40 0.13
600 7.79
3.87 6.26
600 600
600 600
600 600
600 600
600 69.43
600 4.61
0.13 0.10
81.84 600
2.27 0.74
0.96 0.37
2.47 0.63
1.26 0.33
5.38 1.66
2.58 0.82
3.56 1.27
2.52 1.20
0.05 0.04
0.92 0.05
0.08 0.06
600 600
600 600
135.72 600
600 600
0.00 0.00
0.01 0.01
0.00 0.00
0.02 0.01
0.00 0.01
0.00 0.01
0.02 0.02
0.04 0.04
0.06 0.06
0.03 0.05
0.54 0.17
5.48 3.60
0.02 0.03
0.03 0.04
137.65 600
600 600
0.07 0.08
600 600
600 600
600 133.86
600 600
600 600
7.74 1.16
6.29 1.11
600 600
600 600
0.05 0.06
0.05 0.06
0.16 0.21
0.04 0.08
0.04 0.05
0.04 0.04
0.04 0.04
0.04 0.04
0.04 0.05
600 600
0.03 0.04
0.04 0.04
0.04 0.05
2.36 0.07
600 600
600 0.12
600 0.12
600 600
600 600
600 1.75
0.05 0.06
0.04 0.04
0.04 0.05
0.05 0.05
0.05 0.06
0.03 0.04
0.04 0.04
0.03 0.03
0.03 0.03
0.03 0.04
0.03 0.03
0.04 0.06
0.05 0.05
0.05 0.05
0.07 0.07
0.02 0.04
0.03 0.03
0.03 0.03
600 600
600 600
0.07 0.07
600 8.79
0.06 0.06
0.06 0.06
0.03 0.04
0.02 0.04
0.03 0.04
0.04 0.03
0.04 0.05
0.06 0.07
0.09 0.11
0.10 0.11
0.08 0.10
0.09 0.10
600 0.00
0.00 0.00
0.00 0.00
600 0.00
600 0.22
0.05 0.04
600 600
0.03 0.03
600 600
600 600
0.00 0.00
0.01 0.01
600 600
0.02 0.02
0.04 0.06
600 600
600 600
0.03 0.02
0.01 0.00
0.00 0.01
0.01 0.01
0.02 0.01
0.01 0.02
0.00 0.02
0.02 0.01
0.01 0.02
0.02 0.02
600 2.64
0.02 0.02
0.01 0.02
0.00 0.01
1.51 1.99
11.84 10.56
0.02 0.02
7.30 9.04
0.01 0.02
0.03 0.03
0.02 0.04
0.12 1.12
0.02 0.02
0.03 0.03
0.05 0.08
0.04 0.04
4.18 11.26
0.02 0.03
0.02 0.02
0.02 0.04
0.02 0.04
0.03 0.03
0.03 0.03
0.03 0.03
0.02 0.04
0.04 0.05
0.04 0.05
0.03 0.04
0.04 0.06
0.03 0.03
0.02 0.03
0.05 0.05
0.03 0.03
600 600
0.03 0.04
600 1.26
600 0.00
0.08 0.05
600 0.00
600 600
0.04 0.06
0.96 0.73
0.05 0.05
0.05 0.06
1.13 3.13
0.20 0.23
600 600
0.21 0.26
0.06 0.06
0.14 0.17
266.94 4.12
0.07 0.09
600 600
8.60 57.71
0.52 1.78
600 600
600 600
58.60 30.29
4.48 600
0.08 0.09
0.07 0.07
600 600
600 600
600 0.71
0.11 0.12
600 600
600 600
0.11 0.12
600 600
0.10 0.14
0.12 0.10
0.11 0.14
600 600
600 600
0.71 0.77
0.23 0.26
600 600
600 600
600 600
0.80 1.00
0.29 0.30
600 600
7.17 14.42
0.10 0.11
600 600
11.07 14.94
0.14 0.16
600 600
0.14 0.16
600 600
0.16 0.17
0.16 0.18
0.26 0.28
600 600
0.15 0.19
0.12 0.12
0.18 0.21
0.57 0.59
600 600
600 600
600 600
0.19 0.20
600 600
600 600
600 600
1.02 0.94
600 600
0.23 0.42
600 600
600 600
1.02 0.86
15.57 1.14
9.70 600
45.61 10.18
600 600
0.32 0.34
0.40 0.44
600 600
0.26 0.27
0.26 0.31
600 44.89
0.34 0.36
19.76 10.13
19.66 9.83
21.22 11.75
24.73 8.72
14.08 4.95
1.19 600
600 600
0.24 0.28
600 600
79.43 20.31
600 600
0.37 0.40
600 600
0.00 0.00
600 4.96
0.00 0.00
0.29 0.30
600 600
600 600
0.19 0.20
3.99 1.72
0.05 0.08
8.31 5.70
600 167.27
7.08 3.62
600 600
600 600
600 600
0.32 0.36
600 600
600 600
600 600
600 600
600 600
600 600
600 600
600 600
600 600
600 600
600 600
600 600
600 600
600 600
0.97 1.12
0.88 0.92
1.10 1.32
1.21 1.58
0.86 0.92
0.54 0.56
600 600
600 600
600 600
600 600
600 600
600 600
600 600
600 600
600 600
2.24 1.74
600 600
600 600
0.66 0.74
2.39 1.87
1.22 1.19
1.28 1.22
600 600
600 600
600 600
600 600
600 600
600 600
600 600
600 600
600 600
4.02 2.73
2.75 2.22
0.82 0.87
600 600
41.76 16.34
13.21 9.34
5.74 6.00
2.68 1.47
2.68 2.18
2.74 2.08
600 600
600 600
600 600
600 600
600 600
600 600
600 600
600 600
3.46 3.02
600 600
600 600
600 600
600 600
4.79 3.70
600 600
600 600
4.51 4.16
600 600
600 600
600 600
7.72 5.72
600 600
7.63 5.80
600 600
600 600
3.79 3.47
3.88 3.11
3.42 2.68
600 600
600 600
600 600
6.07 600
600 600
4.59 3.68
4.12 3.37
600 600
600 600
600 600
600 600
600 600
600 600
600 600
600 600
600 600
600 600
4.94 3.72
6.85 2.50
7.56 3.77
600 600
600 600
600 600
600 600
600 600
600 600
1.49 1.61
600 600
600 600
600 600
600 600
2.89 2.94
80.28 39.71
600 600
600 600
82.23 600
600 600
600 600
7.98 5.99
10.02 6.65
600 600
600 600
600 600
600 600
600 600
600 600
600 600
600 600
600 600
600 600
1.36 7.57
0.98 8.98
0.00 0.01
0.00 0.00
0.00 0.00
0.00 0.00
0.00 0.00
0.00 0.00
0.00 0.01
0.00 0.01
0.04 0.09
0.03 0.07
0.16 0.59
0.10 0.32
0.10 0.36
0.10 0.36
0.09 0.32
0.14 0.50
0.07 0.25
0.09 0.24
0.14 0.40
0.15 0.40
0.09 0.32
600 600
0.18 1.35
0.21 1.56
0.10 0.32
0.14 0.47
600 600
0.12 0.34
0.12 0.40
0.03 0.10
600 600
0.03 0.08
0.08 0.23
0.03 0.08
0.08 0.22
600 600
0.07 0.21
600 600
600 600
0.07 0.24
0.02 0.08
0.12 0.34
0.08 0.23
0.02 0.09
0.02 0.08
0.03 0.09
0.02 0.06
0.03 0.09
0.04 0.08
0.03 0.08
0.08 0.20
0.07 0.22
0.03 0.08
0.11 0.31
0.03 0.08
0.07 0.22
0.03 0.08
0.03 0.09
0.03 0.08
0.02 0.08
0.04 0.08
0.03 0.09
0.04 0.08
0.03 0.08
0.03 0.08
600 600
0.02 0.06
0.02 0.09
0.02 0.08
0.03 0.08
0.03 0.08
0.04 0.08
0.03 0.09
0.02 0.07
0.04 0.10
0.17 0.44
0.30 0.95
0.34 0.98
0.12 0.32
0.10 0.28
0.09 0.30
0.08 0.24
0.09 0.24
0.10 0.29
0.14 0.38
0.08 0.24
600 600
600 600
0.12 0.31
0.31 0.94
0.12 0.33
0.03 0.07
0.03 0.08
0.02 0.08
600 600
0.09 0.30
600 600
0.22 1.28
0.16 0.74
600 600
0.15 0.63
0.09 0.29
0.08 0.26
0.15 0.62
600 600
0.03 0.08
600 600
0.03 0.08
0.08 0.24
0.03 0.10
600 600
0.18 0.38
0.03 0.08
600 600
0.04 0.08
600 600
0.03 0.09
0.02 0.09
0.12 0.32
0.11 0.30
0.12 0.30
0.11 0.30
0.11 0.30
0.10 0.30
0.08 0.22
0.07 0.23
0.08 0.21
0.07 0.24
0.07 0.22
0.08 0.22
0.08 0.21
0.07 0.20
0.08 0.22
0.06 0.21
0.07 0.21
