0.02 0.02
600 600
0.23 0.22
0.21 0.22
600 600
600 600
600 600
0.02 0.06
0.04 0.09
0.12 0.53
0.01 0.02
0.00 0.02
0.03 0.02
0.03 0.05
0.05 0.05
0.50 10.71
0.04 0.06
0.06 1.80
0.03 53.30
0.02 0.02
0.02 0.02
0.00 0.02
0.06 0.04
0.06 0.02
0.07 0.38
0.01 0.02
0.01 0.02
0.02 0.02
0.02 0.18
0.06 0.20
0.17 600
0.03 0.01
0.02 0.02
0.02 0.02
0.04 0.49
0.06 0.15
0.02 600
0.01 0.36
0.68 0.73
0.02 600
0.02 0.65
0.63 0.26
0.02 600
0.04 0.07
0.09 0.10
0.04 600
0.02 0.00
0.03 0.02
0.11 34.05
0.03 0.06
0.07 1.78
0.16 0.16
0.02 0.02
0.01 0.02
0.11 31.41
0.05 0.04
0.06 0.02
0.20 11.50
0.02 0.14
0.06 0.16
0.15 600
0.05 0.48
0.44 0.92
0.03 600
0.01 1.36
0.42 0.23
0.04 600
0.03 39.29
0.14 18.08
0.04 600
0.36 0.76
0.16 0.19
0.34 600
0.03 0.01
0.02 0.01
0.04 0.04
0.05 10.52
0.11 0.72
0.09 0.02
0.06 13.62
0.10 0.84
0.07 0.03
11.11 1.70
0.19 21.77
0.08 0.03
0.43 0.19
0.17 0.10
1.23 600
0.06 0.60
0.11 0.14
0.06 600
0.06 0.72
0.08 0.18
0.06 600
0.71 31.41
0.15 23.12
0.06 600
0.02 0.02
0.18 0.02
0.06 0.50
0.04 0.04
0.08 0.08
0.50 10.74
0.06 5.89
7.51 49.40
0.14 600
0.05 1.56
0.16 600
0.42 241.07
0.02 0.02
0.07 0.72
0.06 254.72
0.11 1.90
0.08 1.28
3.36 230.93
0.02 0.02
0.00 0.01
0.01 0.02
0.00 0.02
0.01 0.02
0.01 0.00
0.02 0.02
0.03 0.03
0.01 0.04
0.01 0.02
0.02 0.03
0.03 0.03
0.03 0.02
0.02 0.03
0.60 0.08
0.02 0.01
0.02 0.02
0.03 0.02
0.02 0.02
0.03 0.01
0.02 0.01
0.02 0.02
0.02 0.03
0.01 0.02
0.02 0.03
0.02 0.01
0.02 0.02
0.03 0.01
0.02 0.02
0.02 0.01
0.03 0.02
0.02 0.01
0.01 0.02
0.10 95.24
0.02 0.02
0.01 0.02
0.02 91.61
0.03 0.02
0.02 0.02
0.03 0.02
0.03 0.01
0.02 0.02
1.09 1.38
3.10 0.26
2.38 0.18
0.06 0.11
2.41 0.56
1.91 0.61
0.08 1.37
0.02 0.02
0.02 0.01
0.02 0.02
0.01 0.01
0.02 0.02
0.01 0.02
0.02 0.02
0.02 0.02
0.00 0.02
0.01 0.01
0.02 0.01
0.84 0.02
0.02 0.02
0.05 0.06
0.01 0.03
0.03 0.02
0.01 0.01
0.04 0.02
0.02 0.03
0.05 0.02
0.02 0.01
0.02 0.02
0.02 0.02
0.02 0.02
0.02 0.03
0.01 0.02
0.02 0.03
0.02 0.02
0.02 0.02
0.02 0.04
0.02 0.00
0.02 0.02
0.02 0.03
0.03 0.02
0.02 0.02
0.02 0.02
0.01 0.02
0.02 0.02
0.03 0.03
0.02 0.01
0.02 0.03
0.02 0.02
0.02 0.00
0.01 0.02
0.01 0.02
0.03 0.01
0.01 0.02
0.02 0.02
0.02 0.02
0.02 0.02
0.02 0.03
0.01 0.02
0.02 0.01
0.01 0.02
0.02 0.02
0.03 0.01
0.02 0.03
0.03 0.02
7.70 0.04
0.03 0.04
0.48 0.40
0.03 0.03
0.02 0.00
0.02 0.01
0.01 0.02
0.02 0.01
0.02 0.02
0.05 0.06
0.05 0.04
0.02 0.02
0.02 0.02
0.01 0.01
0.03 0.04
0.01 0.02
0.03 0.02
0.02 0.01
0.02 0.03
0.02 0.02
0.03 0.04
0.01 0.01
0.03 0.03
0.02 0.02
600 0.02
600 0.04
600 0.03
600 0.03
600 0.01
15.77 0.02
600 0.03
600 0.04
600 0.03
600 0.03
600 0.02
600 0.04
600 0.04
600 0.05
600 0.03
600 0.03
600 0.04
600 0.04
600 0.03
600 0.04
600 0.04
600 0.03
600 0.03
600 0.04
1.84 0.04
0.47 0.04
600 0.05
600 0.04
600 0.04
600 0.05
600 0.03
600 0.05
600 0.03
600 0.05
600 0.05
600 0.06
600 0.05
600 0.05
600 0.06
600 0.07
600 0.07
600 0.06
600 0.02
600 600
0.01 0.03
0.04 0.01
0.33 0.08
0.00 0.01
0.90 0.03
0.03 0.02
0.01 0.01
0.08 141.22
600 600
600 600
600 600
0.02 0.05
0.05 0.20
0.15 0.23
1.85 0.30
2.42 3.39
0.12 0.14
1.45 0.18
0.01 0.02
0.08 0.02
0.02 0.04
0.09 0.04
600 600
0.10 96.71
0.19 2.78
2.09 0.06
600 600
14.46 0.08
0.03 0.74
1.10 600
600 600
600 600
0.06 0.04
0.04 600
0.03 0.05
58.87 0.96
0.02 0.17
0.02 0.08
600 600
0.16 0.15
4.68 0.04
4.72 0.04
600 600
600 2.37
0.08 1.20
0.18 1.44
600 0.21
4.26 600
4.09 600
3.33 600
0.16 0.94
0.22 0.10
3.26 600
2.78 600
0.34 0.02
0.34 0.00
0.36 0.21
108.45 600
47.90 600
0.06 0.06
3.34 0.13
0.42 55.43
0.34 146.16
31.63 600
600 600
600 600
1.70 600
32.15 600
600 600
600 600
600 1.06
600 600
600 600
600 600
600 600
600 600
600 600
600 600
600 600
0.14 0.34
600 600
600 600
600 600
600 600
0.18 0.09
0.03 1.60
2.89 600
0.07 0.14
600 2.82
46.57 0.05
600 2.65
84.65 600
2.07 0.10
2.72 0.03
244.19 600
600 600
0.39 18.95
600 600
0.15 0.08
0.46 2.85
0.44 2.98
0.46 2.99
0.48 3.01
236.79 600
227.35 600
600 0.15
600 0.14
600 0.50
600 0.52
600 0.50
600 600
173.31 217.18
1.69 0.14
1.68 0.14
0.04 0.34
600 118.45
600 7.47
9.83 1.76
0.17 0.04
4.65 3.93
4.64 0.52
3.34 0.50
0.13 0.36
0.40 3.70
600 3.69
0.17 600
0.49 0.16
0.48 0.15
0.48 0.16
0.49 0.13
0.49 0.17
0.48 0.16
0.63 0.08
0.63 0.08
0.63 0.08
0.64 0.09
0.66 0.03
0.67 0.01
11.91 10.32
15.12 8.99
0.52 0.13
0.50 0.13
0.51 0.13
0.50 0.14
0.50 0.14
0.49 0.15
0.51 0.14
0.51 0.13
0.49 0.15
0.50 0.14
0.49 0.14
0.50 0.13
0.14 600
0.21 61.71
0.29 2.18
0.30 2.21
600 600
1.67 600
111.81 0.96
140.78 0.96
231.77 1.86
139.93 1.09
189.24 2.13
191.88 1.08
193.17 2.13
160.81 1.09
236.71 1.88
155.33 1.09
1.60 600
1.52 600
2.06 600
1.58 600
0.14 0.31
23.96 600
21.98 600
13.44 24.51
0.06 0.03
0.45 1.80
4.54 600
38.18 600
0.42 0.55
3.53 600
2.85 600
0.04 0.07
145.47 0.84
600 0.54
