600 600
600 600
600 600
600 600
117.91 600
65.02 600
244.66 600
77.65 600
199.35 600
0.04 0.98
600 600
250.42 600
600 600
600 600
253.74 600
0.00 0.01
0.00 0.00
0.00 0.00
0.01 0.01
0.04 0.04
0.05 0.02
0.12 0.08
0.03 0.06
0.00 0.00
0.00 0.01
0.00 0.00
0.00 0.00
0.00 0.00
0.01 0.01
0.01 0.01
0.01 0.01
0.00 0.00
0.00 0.00
0.00 0.00
0.00 0.00
0.00 0.00
0.00 0.00
0.00 0.00
0.00 0.00
0.00 0.00
0.00 0.00
0.00 0.00
0.00 0.00
0.06 0.05
0.01 0.01
0.00 0.00
600 600
3.19 600
3.20 600
4.66 5.13
0.16 0.16
3.27 15.93
2.90 16.85
600 600
103.93 600
600 600
0.16 0.30
0.43 0.57
0.68 600
0.00 0.00
0.00 0.00
0.00 0.00
0.12 13.22
271.52 0.91
17.70 15.29
0.14 0.13
0.14 0.14
73.28 75.62
0.24 0.26
263.65 600
0.00 0.00
0.02 0.02
0.00 0.00
0.12 0.19
0.01 0.01
1.35 3.94
0.00 0.00
0.01 0.02
0.00 0.01
0.17 0.18
0.00 0.00
0.16 0.19
0.00 0.00
0.05 0.07
0.00 0.00
0.06 0.08
0.01 0.01
0.14 0.20
0.01 0.00
0.23 0.34
0.00 0.00
0.01 0.02
0.02 0.02
0.43 0.32
0.00 0.00
0.16 0.07
0.01 0.01
1.43 3.62
0.02 0.02
0.34 0.28
0.00 0.01
0.05 0.08
0.00 0.00
0.05 0.08
0.00 0.00
0.10 0.14
0.00 0.00
0.01 0.02
0.01 0.01
1.38 3.64
0.00 0.00
0.09 0.13
0.00 0.00
0.02 0.02
0.00 0.00
0.10 0.14
0.00 0.00
0.10 0.13
0.02 0.02
0.39 0.35
0.00 0.01
0.13 0.16
0.00 0.00
0.02 0.02
0.00 0.01
0.18 0.12
0.00 0.00
0.02 0.02
0.00 0.00
0.02 0.02
0.00 0.00
0.05 0.07
0.01 0.01
0.11 0.14
0.00 0.00
0.12 0.14
0.00 0.00
0.01 0.02
0.00 0.00
0.11 0.14
0.01 0.01
1.30 3.58
0.01 0.00
0.35 0.34
0.00 0.00
0.16 0.17
0.01 0.01
0.08 0.11
0.00 0.00
0.07 0.14
0.01 0.01
0.12 0.17
0.01 0.00
1.30 3.67
0.00 0.00
0.10 0.14
0.00 0.00
0.13 0.18
0.00 0.00
0.02 0.02
0.01 0.01
0.12 0.16
0.01 0.01
0.12 0.18
0.00 0.00
0.01 0.02
0.00 0.00
0.15 0.18
0.00 0.00
0.15 0.19
0.26 0.62
0.10 0.22
1.46 8.86
2.52 14.69
1.78 6.12
1.31 0.89
0.00 0.00
0.00 0.00
3.23 25.70
0.10 0.25
600 600
600 600
0.04 0.25
123.37 600
46.53 82.83
0.00 0.00
0.00 0.01
0.51 2.10
600 600
252.36 600
600 84.38
600 600
0.76 0.36
0.10 0.12
0.04 0.02
0.20 0.12
0.00 0.01
0.01 0.00
13.63 48.59
0.04 0.12
1.86 24.80
0.02 0.02
9.40 125.25
0.01 0.15
0.03 0.17
0.02 0.01
0.00 0.00
0.03 0.02
0.01 0.01
0.03 0.05
0.00 0.01
2.15 68.90
0.01 0.04
0.03 0.04
0.01 0.01
12.11 64.02
0.01 0.14
0.05 0.32
0.01 0.02
1.90 55.45
0.01 0.02
0.07 0.11
0.02 0.02
0.01 0.16
0.01 0.01
0.01 0.01
600 600
0.19 0.43
150.84 600
0.06 0.12
28.86 600
0.03 0.22
600 600
0.10 0.22
0.01 0.02
0.01 0.00
0.01 0.05
0.00 0.00
0.02 0.03
0.01 0.01
0.01 0.01
0.07 0.22
0.02 0.03
23.56 7.30
0.02 0.11
0.03 0.03
0.01 0.01
139.69 600
0.03 0.21
135.72 600
0.03 0.22
0.04 0.06
0.00 0.01
36.36 600
0.01 0.03
0.00 0.00
0.00 0.00
600 600
0.18 0.50
0.16 0.42
600 600
600 600
2.94 7.93
5.57 7.61
600 600
0.03 0.05
2.88 7.21
600 600
600 600
600 600
600 600
600 600
0.97 2.31
600 600
1.16 3.24
600 600
600 600
1.49 0.22
0.02 0.30
600 600
41.38 600
141.78 0.85
0.01 0.27
2.33 3.10
600 600
4.36 35.97
600 600
600 600
2.47 4.36
0.00 0.00
0.00 0.00
0.00 0.01
0.00 0.00
600 600
600 600
0.00 0.01
0.00 0.00
0.02 0.03
0.01 0.03
0.02 0.07
0.00 0.01
0.31 0.18
0.02 0.03
1.32 26.95
0.17 0.02
0.02 0.03
0.02 0.04
0.12 6.03
0.19 0.03
10.90 52.15
0.67 1.72
5.89 9.42
0.47 1.21
0.05 0.05
0.01 0.02
0.02 0.02
0.01 0.01
600 600
0.03 0.46
0.01 0.02
0.01 0.13
0.14 0.32
0.00 0.00
30.99 72.13
600 600
0.78 1.45
0.02 0.41
0.01 0.03
0.00 0.00
0.02 0.07
0.01 0.04
0.15 0.10
0.00 0.01
0.00 0.00
0.01 0.03
0.01 0.01
0.01 0.01
600 600
600 600
600 600
600 600
600 600
600 600
600 600
600 600
600 600
282.53 600
600 600
600 600
166.98 600
600 600
600 600
600 600
600 600
100.30 600
26.64 30.89
0.01 0.00
0.00 0.01
0.09 0.02
0.00 0.00
0.00 0.00
0.00 0.00
0.01 0.01
0.00 0.01
0.20 0.10
0.02 0.01
0.01 0.01
0.06 0.02
0.00 0.00
0.00 0.00
0.01 0.01
0.01 0.00
0.00 0.00
0.02 0.02
0.00 0.00
0.00 0.00
0.00 0.01
0.10 0.04
3.06 12.45
0.03 0.01
0.00 0.00
0.00 0.00
0.00 0.00
0.00 0.01
0.00 0.00
0.01 0.01
0.01 0.03
0.01 0.30
0.01 0.01
0.02 0.02
0.02 0.24
0.01 0.01
0.02 0.02
0.01 0.24
0.00 0.01
0.00 0.00
0.00 0.00
0.00 0.01
0.02 0.00
0.01 0.00
0.36 0.05
0.00 0.00
0.00 0.00
0.00 0.00
0.01 0.00
0.01 0.01
0.22 0.09
0.07 0.04
0.80 11.64
0.06 0.04
0.01 0.02
0.01 0.16
0.01 0.03
0.00 0.02
0.00 0.13
0.01 0.03
0.02 0.02
0.01 0.34
0.00 0.03
0.06 0.01
0.02 0.02
7.94 0.01
0.00 0.00
0.00 0.01
0.01 0.03
0.01 0.02
0.02 0.03
0.01 0.01
0.01 0.02
0.01 0.03
0.01 0.01
0.00 0.02
0.02 0.02
0.01 0.01
0.02 0.01
0.02 0.02
57.79 0.12
0.01 0.02
0.03 0.03
0.03 0.08
0.02 0.02
0.02 0.03
0.02 0.08
0.01 0.01
0.02 0.01
0.02 0.08
0.01 0.00
0.01 0.01
0.05 0.02
0.02 0.01
0.00 0.01
0.21 0.08
0.04 0.01
0.04 0.01
0.19 0.06
0.05 0.02
0.02 0.01
0.62 0.14
0.03 0.00
0.01 0.01
0.06 0.06
0.01 0.01
0.01 0.00
0.56 32.58
0.00 0.10
0.00 0.10
0.00 0.01
0.00 0.00
0.00 0.00
0.00 0.00
0.00 0.00
0.00 0.00
0.00 0.00
0.00 0.01
0.00 0.00
0.00 0.01
0.00 0.00
0.01 0.00
0.01 0.05
0.00 0.00
0.00 0.00
0.00 0.01
0.00 0.00
0.00 0.00
0.01 0.01
0.00 0.00
0.00 0.01
0.02 0.42
0.02 0.06
0.00 0.00
0.00 0.00
0.00 0.00
0.00 0.00
0.00 0.00
0.00 0.01
0.00 0.00
0.00 0.01
0.00 0.01
0.00 0.00
0.00 0.00
0.01 0.01
0.00 0.01
0.00 0.00
0.01 0.01
0.03 0.00
0.02 0.01
0.01 0.03
0.17 12.59
0.03 13.32
0.01 0.04
0.03 0.00
0.02 0.01
0.02 0.08
0.00 0.00
0.00 0.00
0.00 0.00
0.00 0.00
0.00 0.00
0.00 0.00
0.00 0.01
0.00 0.00
0.00 0.00
0.00 0.00
0.00 0.00
0.53 0.04
0.05 0.00
0.00 0.01
0.00 0.00
0.00 0.00
0.00 0.00
0.00 0.01
0.01 0.01
0.01 0.01
0.00 0.00
0.00 0.00
0.00 0.00
0.00 0.00
0.00 0.00
0.00 0.00
0.00 0.00
0.00 0.00
0.00 0.01
0.00 0.00
0.00 0.00
0.00 0.00
0.00 0.00
0.00 0.00
0.00 0.00
0.00 0.00
0.00 0.00
0.00 0.00
0.00 0.00
0.00 0.00
0.00 0.00
0.00 0.00
0.00 0.00
0.00 0.00
0.00 0.00
0.00 0.00
0.00 0.00
0.00 0.00
0.00 0.00
0.00 0.00
0.00 0.00
0.00 0.00
0.00 0.00
0.00 0.00
0.00 0.00
0.00 0.00
0.00 0.00
0.00 0.00
0.68 0.87
0.01 0.04
0.12 0.06
0.00 0.00
0.00 0.00
0.00 0.00
0.00 0.00
0.01 0.01
0.01 0.01
0.06 0.57
0.06 0.59
0.00 0.00
0.00 0.01
0.01 0.00
0.01 0.00
0.01 0.00
0.01 0.00
0.00 0.00
0.00 0.00
0.00 0.00
0.01 0.01
0.01 0.01
0.00 0.00
0.00 0.00
24.40 0.20
0.36 0.01
0.00 0.00
0.62 600
0.00 0.00
0.01 0.02
0.00 0.00
0.04 0.10
0.27 13.42
0.01 0.00
0.01 0.01
0.02 0.05
0.69 3.22
0.03 0.03
0.63 2.53
0.81 600
0.09 600
0.00 0.02
0.01 0.01
0.01 0.00
0.01 0.01
0.01 0.02
0.00 0.01
0.00 0.01
0.01 0.02
0.00 0.01
0.00 0.01
0.01 0.02
0.01 0.00
0.02 0.02
0.01 0.01
0.02 0.03
0.01 0.01
0.01 0.02
0.01 0.01
0.18 0.03
0.04 0.04
0.04 0.05
0.04 0.05
0.02 0.03
0.01 0.02
0.01 0.02
0.01 0.02
0.01 0.01
0.01 0.02
0.02 0.02
0.01 0.02
0.01 0.01
0.01 0.02
0.02 0.02
0.02 0.03
0.07 0.08
0.02 0.03
0.02 0.02
0.02 0.02
600 600
0.01 0.01
0.00 0.00
0.00 0.01
0.01 0.02
0.01 0.01
0.01 0.01
0.01 0.02
0.00 0.01
0.00 0.02
0.03 0.04
0.14 0.04
600 600
0.01 0.01
0.01 0.02
2.94 7.03
600 600
0.01 0.02
0.02 0.02
0.30 0.43
600 600
0.00 0.00
0.00 0.00
0.00 0.01
0.00 0.00
0.00 0.00
0.00 0.00
0.00 0.00
0.01 0.03
0.01 0.00
0.00 0.01
0.00 0.00
0.00 0.00
0.00 0.00
0.00 0.00
118.75 600
0.05 0.78
600 600
600 600
2.76 2.18
49.12 107.28
162.38 600
86.06 143.01
142.86 600
0.00 0.00
0.12 1.69
0.80 1.45
17.84 600
0.01 0.01
12.11 12.44
0.06 0.06
0.01 0.01
0.11 0.12
0.01 0.00
25.91 600
600 600
600 600
0.00 0.00
600 600
600 600
600 600
600 600
600 600
600 600
600 600
600 600
0.08 0.03
1.19 0.05
0.30 0.07
0.14 0.24
0.09 0.51
1.04 4.08
0.08 0.54
1.04 4.26
0.87 0.51
0.02 0.06
600 600
0.02 0.05
600 600
0.00 0.01
0.00 0.01
0.01 0.01
0.00 0.01
0.00 0.02
0.01 0.02
0.09 0.06
0.09 0.05
0.03 0.03
0.99 0.62
0.02 0.04
0.99 0.61
0.01 0.01
0.37 1.45
0.01 0.01
0.37 1.47
104.09 79.68
0.36 0.28
0.01 8.97
0.03 0.03
0.01 0.49
0.01 0.01
0.00 0.00
0.00 0.00
1.29 16.82
1.44 17.70
0.01 0.02
3.48 0.02
0.14 0.77
0.01 0.02
0.00 0.00
0.00 0.00
0.37 7.10
9.78 36.20
1.64 1.73
0.32 0.21
0.00 0.00
0.00 0.00
0.00 0.00
0.00 0.00
0.01 0.03
0.00 0.02
8.00 35.05
2.65 109.70
0.01 0.01
0.01 0.01
0.00 0.01
0.01 0.01
0.00 0.00
0.00 0.01
0.00 0.00
0.00 0.00
0.01 1.37
0.06 3.54
0.01 0.01
0.00 0.01
0.00 0.01
0.00 0.03
8.32 37.95
0.06 600
4.17 0.01
0.06 600
0.04 0.29
0.01 0.02
0.00 0.00
0.00 0.00
0.02 0.04
0.46 2.77
3.53 6.34
8.44 5.77
0.01 0.02
600 600
600 600
0.00 0.00
0.00 0.00
600 600
3.84 2.19
0.00 0.00
0.02 0.01
0.00 0.00
0.00 0.00
0.00 0.00
0.01 0.01
0.00 0.00
0.00 0.00
0.01 0.00
0.01 0.01
600 600
0.02 0.01
0.00 0.00
0.01 0.00
0.05 0.04
0.07 0.06
0.09 0.41
0.05 0.06
0.11 0.16
0.10 0.17
0.00 0.00
0.02 0.02
0.00 0.00
0.00 0.00
0.01 0.01
0.06 0.06
0.01 0.01
0.01 0.01
0.04 0.04
0.07 0.05
0.22 0.28
2.37 0.41
0.09 0.04
0.09 0.04
0.72 0.97
0.74 0.96
0.02 0.01
0.01 0.01
0.14 0.79
3.01 2.20
106.62 30.04
28.44 72.08
8.71 600
1.76 5.57
600 600
600 600
600 600
600 600
600 600
600 39.95
600 600
600 600
600 600
600 22.48
600 600
600 600
600 600
0.10 0.10
600 600
1.12 5.76
4.04 108.60
0.14 0.13
600 600
9.87 6.15
36.35 600
0.14 0.16
600 600
600 600
600 600
0.18 0.20
600 600
600 600
1.02 1.00
1.71 13.18
0.03 0.04
0.51 0.11
0.02 0.02
0.01 0.01
0.01 0.01
0.01 0.00
0.01 0.02
0.01 0.02
0.01 0.00
0.01 0.01
0.02 0.01
600 600
0.03 0.04
600 600
0.06 0.06
600 600
1.12 0.14
600 600
0.05 0.06
600 600
600 600
600 600
600 600
600 600
600 51.61
600 600
242.11 257.38
48.69 15.48
10.51 3.82
34.19 150.09
0.07 0.09
50.92 28.93
5.41 0.82
600 600
0.08 0.08
0.05 0.04
3.06 19.16
0.96 1.32
1.26 1.57
166.67 151.39
0.06 0.06
600 600
0.03 0.01
0.36 0.83
0.13 0.21
1.88 0.60
13.51 13.30
0.13 0.17
75.63 160.69
0.14 0.19
0.26 0.41
600 600
152.40 114.75
600 600
0.01 0.01
0.01 0.01
600 600
600 135.21
5.36 600
600 600
600 600
600 600
600 600
600 600
2.04 2.10
0.54 0.57
174.82 600
185.67 600
0.02 0.02
600 600
0.02 0.04
0.02 0.02
0.01 0.02
0.01 0.01
0.01 0.01
0.01 0.01
0.01 0.01
0.01 0.01
0.01 0.02
0.01 0.01
0.01 0.02
0.01 0.01
600 600
0.07 0.09
0.10 0.08
172.90 34.62
160.49 5.46
0.02 0.02
0.47 0.41
0.01 0.02
0.01 0.01
0.08 0.07
24.10 11.16
0.00 0.00
0.10 0.04
0.01 0.01
0.01 0.02
0.02 0.01
0.01 0.02
0.02 0.02
0.01 0.01
0.01 0.02
0.02 0.03
0.01 0.02
0.01 0.01
0.02 0.02
0.01 0.02
0.03 0.03
0.07 0.44
0.04 0.06
0.04 0.04
0.11 0.11
0.02 0.01
0.03 0.02
0.05 0.03
19.74 19.40
0.01 0.01
0.02 0.02
0.32 0.22
0.39 0.22
0.19 0.20
0.19 0.19
0.00 0.00
0.00 0.00
0.02 0.01
0.00 0.00
0.02 0.02
125.09 600
600 600
18.72 16.62
600 600
600 600
0.00 0.00
600 600
600 600
600 600
600 600
600 600
600 600
0.26 0.35
0.00 0.00
0.00 0.00
0.04 0.04
3.79 2.13
0.00 0.00
0.03 0.03
10.00 600
0.01 0.00
0.00 0.00
0.17 0.36
72.80 600
0.11 0.09
0.00 0.00
600 600
600 600
0.00 0.00
600 600
0.00 0.00
0.12 0.25
0.02 0.02
65.18 88.72
0.01 0.01
0.07 0.16
27.32 66.04
0.05 0.11
0.04 0.71
0.01 0.01
0.01 0.01
0.01 0.01
0.02 0.02
0.02 0.01
0.00 0.00
0.10 0.20
0.03 0.05
0.02 0.02
600 600
0.01 0.02
24.35 29.49
0.03 0.02
0.00 0.05
0.04 0.14
0.01 0.00
600 600
0.35 0.22
600 600
0.00 0.00
31.48 0.23
0.00 0.00
600 600
0.03 0.02
0.84 1.77
0.08 0.10
0.05 0.06
0.08 0.08
0.05 0.06
600 600
25.62 33.08
82.77 132.64
600 600
600 600
0.25 0.20
600 600
600 600
600 600
600 600
600 600
0.06 0.07
1.98 2.72
0.03 0.04
0.04 0.04
600 600
600 600
600 600
600 600
600 600
600 600
0.05 0.05
600 600
0.52 78.07
600 600
0.05 0.06
600 600
600 600
600 600
600 600
600 600
600 600
600 600
600 600
600 600
600 600
600 600
2.78 3.80
600 600
600 600
0.16 0.20
600 600
0.07 0.09
600 600
0.09 0.11
2.61 4.38
600 600
600 600
2.56 3.45
0.08 0.09
0.24 0.27
600 600
600 600
600 600
600 600
0.18 0.20
600 600
600 600
600 600
600 600
600 600
0.09 0.12
600 600
600 600
3.72 5.59
600 600
600 600
600 600
6.11 8.86
1.32 1.92
1.79 2.21
600 600
0.12 0.12
0.12 0.12
600 600
0.40 0.57
600 600
600 600
600 600
600 600
600 600
600 600
600 600
0.28 0.29
600 600
600 600
600 600
0.14 0.16
600 600
0.14 0.01
600 5.37
0.00 0.00
0.14 0.16
600 600
600 600
1.52 2.45
74.42 93.79
24.94 35.73
600 600
600 600
600 600
600 600
600 600
600 600
0.18 0.20
600 600
600 600
600 600
600 600
600 600
600 600
600 600
600 600
600 600
600 600
600 600
600 600
600 600
600 600
0.88 0.89
0.69 0.75
600 600
158.92 216.89
0.40 0.51
0.44 0.50
600 600
600 600
600 600
600 600
600 600
600 600
600 600
600 600
600 600
0.64 0.70
9.22 10.78
7.90 8.25
0.67 0.74
65.60 87.15
38.14 32.31
0.89 0.95
600 600
600 600
600 600
600 600
600 600
600 600
600 600
600 600
600 600
8.23 8.96
1.00 1.02
62.64 68.84
600 600
600 600
109.31 168.88
0.80 1.00
0.89 0.95
44.44 61.76
1.54 1.79
600 600
600 600
600 600
600 600
600 600
600 600
600 600
600 600
1.26 1.40
600 600
600 600
600 600
600 600
127.19 163.66
600 600
600 600
46.89 55.50
600 600
600 600
600 600
2.07 2.10
600 600
1.96 2.06
600 600
600 600
600 600
1.44 1.45
84.50 102.44
600 600
600 600
600 600
9.03 11.90
600 600
600 600
600 600
600 600
600 600
600 600
600 600
600 600
20.22 26.18
600 600
600 600
183.73 126.83
600 600
1.75 1.86
600 600
600 600
600 600
600 600
600 600
600 600
600 600
600 600
0.12 0.12
600 600
600 600
600 600
600 600
3.66 4.07
3.39 3.97
600 600
600 600
17.04 17.27
600 600
600 600
600 44.58
600 600
600 600
600 600
600 600
600 600
600 600
600 600
600 600
600 600
600 600
600 600
164.06 600
16.78 41.75
0.00 0.00
0.01 0.01
0.00 0.01
0.00 0.01
0.00 0.01
0.01 0.01
0.00 0.01
0.00 0.00
0.00 0.02
0.01 0.02
600 600
7.18 600
13.36 600
13.29 600
600 600
600 600
0.03 0.10
0.05 0.13
0.11 0.20
0.84 6.82
600 600
600 600
600 600
600 600
109.18 600
600 600
600 600
0.03 0.07
44.68 600
0.01 0.02
600 600
0.01 0.02
0.10 0.36
0.01 0.02
0.04 0.06
600 600
0.08 0.27
600 600
600 600
43.33 600
0.00 0.02
0.22 0.74
0.03 0.07
0.01 0.02
0.01 0.02
0.01 0.02
0.01 0.02
0.00 0.02
0.01 0.02
0.01 0.02
0.00 0.02
0.00 0.01
0.01 0.02
0.02 0.06
0.01 0.02
0.02 0.07
0.00 0.02
0.00 0.02
0.01 0.02
0.01 0.02
0.01 0.02
0.01 0.02
0.01 0.01
0.00 0.02
0.00 0.02
600 600
0.00 0.02
0.00 0.02
0.00 0.02
0.01 0.02
0.01 0.02
0.01 0.02
0.01 0.02
0.01 0.02
0.01 0.02
600 600
11.68 600
10.10 600
0.02 0.07
0.22 1.80
31.04 62.87
0.50 1.18
0.52 1.21
0.21 1.42
0.03 0.09
0.35 1.15
600 600
600 600
0.22 0.78
600 600
0.22 0.80
0.01 0.02
0.01 0.02
0.01 0.02
600 600
261.03 600
600 600
600 600
0.60 8.30
600 600
0.79 7.97
264.28 600
0.42 4.31
0.64 6.44
600 600
0.00 0.02
600 600
0.00 0.02
0.39 3.37
0.00 0.02
600 600
0.66 1.14
0.01 0.02
600 600
0.01 0.02
600 600
0.01 0.02
0.01 0.02
0.03 0.07
0.03 0.07
0.03 0.06
0.03 0.07
0.04 0.06
0.03 0.06
0.02 0.06
0.02 0.07
0.02 0.06
0.02 0.06
0.02 0.06
0.02 0.06
0.00 0.02
0.01 0.02
0.00 0.02
0.00 0.02
0.00 0.02
0.01 0.02
0.03 0.06
0.03 0.06
0.08 0.32
0.02 0.04
0.02 0.07
0.02 0.07
0.09 0.36
0.02 0.08
0.02 0.07
0.02 0.08
0.03 0.07
0.02 0.07
0.10 0.30
0.12 0.34
0.01 0.06
0.02 0.07
0.03 1.17
0.03 0.08
0.02 0.07
0.02 0.06
0.03 0.07
0.03 0.07
0.02 0.07
81.32 600
0.03 0.07
0.03 0.06
0.02 0.07
0.02 0.07
0.02 0.06
0.03 0.07
0.03 0.07
0.02 0.07
0.02 0.07
0.02 0.06
0.02 0.07
0.02 0.06
0.02 0.06
0.03 0.06
0.02 0.06
0.02 0.06
0.03 0.06
0.03 0.07
0.02 0.06
0.02 0.07
0.03 0.06
0.03 0.07
0.03 0.06
0.04 0.07
0.02 0.06
0.44 1.06
0.43 1.04
14.71 600
116.16 600
0.03 0.07
0.04 0.08
0.02 0.07
0.03 0.08
0.03 0.08
0.03 0.07
0.01 0.02
0.00 0.02
0.01 0.02
0.01 0.02
0.01 0.02
0.01 0.02
0.01 0.02
0.01 0.02
0.01 0.02
0.00 0.02
0.58 2.72
0.01 0.02
0.01 0.02
0.00 0.02
0.01 0.01
0.01 0.02
0.01 0.02
0.01 0.02
0.01 0.02
0.01 0.02
0.01 0.02
0.01 0.02
0.00 0.00
0.00 0.00
0.00 0.00
0.00 0.00
0.01 0.01
0.01 0.01
0.02 0.01
600 600
0.01 0.00
0.01 0.02
0.01 0.01
0.00 0.01
0.01 0.01
0.01 0.02
0.05 0.09
0.11 1.46
600 600
600 600
600 600
0.01 0.01
0.01 0.01
0.00 0.01
0.00 0.00
0.01 0.01
0.00 0.01
0.00 0.01
0.01 0.01
0.04 0.10
0.00 0.00
600 600
0.30 0.99
0.00 0.00
0.10 0.09
0.01 0.01
63.95 600
0.01 0.00
0.00 0.00
0.00 0.00
0.00 0.00
0.00 0.01
0.21 0.15
0.00 0.00
0.01 0.02
121.29 600
0.02 0.01
0.02 0.05
0.02 0.50
0.00 0.00
0.00 0.00
0.00 0.00
0.00 0.00
0.00 0.00
0.04 0.04
0.05 0.04
0.00 0.01
185.64 600
0.01 0.01
600 600
2.64 21.11
0.06 0.14
223.34 600
92.80 600
92.56 158.53
2.06 14.70
2.55 13.31
8.10 89.56
4.47 15.05
600 600
600 600
168.16 6.62
3.50 600
600 122.04
4.84 600
2.22 64.16
600 11.10
2.57 600
600 600
600 600
5.76 1.71
600 600
600 600
600 600
600 600
600 600
0.18 600
0.18 600
0.17 600
0.21 600
0.20 600
0.20 600
15.71 5.42
0.15 1.16
25.96 600
26.01 600
0.22 1.15
34.75 600
0.10 0.00
0.10 0.01
47.11 600
54.18 600
18.27 600
82.78 600
31.57 600
600 600
102.20 119.19
600 600
600 600
600 600
0.15 0.16
600 600
600 600
600 600
0.20 0.18
0.07 0.07
600 600
600 600
600 600
0.02 0.02
600 600
600 600
600 600
600 600
1.13 0.79
0.01 0.02
600 600
0.02 0.02
600 600
0.11 0.12
0.02 0.03
600 600
0.01 0.01
0.12 0.28
0.64 0.22
600 600
0.08 0.09
0.02 0.02
0.07 0.07
600 600
600 600
0.02 0.02
600 600
0.01 0.00
600 600
600 600
600 600
0.03 0.03
600 600
600 600
600 600
600 600
600 600
600 600
600 600
600 600
2.99 3.46
600 600
600 600
600 600
18.06 20.68
1.87 1.92
0.18 0.18
600 600
600 600
600 600
0.12 0.15
0.00 0.01
0.01 0.02
0.00 0.00
0.00 0.00
600 2.77
600 0.40
0.00 600
0.00 0.00
0.00 0.00
0.02 0.03
20.59 0.60
0.01 0.01
0.09 0.20
0.00 0.01
125.35 600
0.00 0.00
0.03 0.04
0.47 600
29.74 94.58
29.98 94.30
0.00 0.01
0.01 0.09
0.00 0.01
0.60 0.03
0.02 0.11
0.03 2.24
600 600
18.52 1.44
0.16 1.38
0.17 1.31
39.75 27.09
0.04 0.05
0.02 0.14
0.01 0.13
0.63 0.41
0.15 0.76
0.08 1.09
0.07 5.85
0.01 0.00
0.01 0.01
0.17 2.64
0.16 0.14
0.01 0.01
0.00 0.01
0.18 0.26
0.02 600
0.02 600
0.00 0.00
0.00 0.00
0.01 0.01
0.00 0.00
154.55 600
2.86 3.78
0.24 30.38
43.05 15.71
182.05 600
3.28 0.11
3.23 0.15
0.02 0.24
3.17 600
8.26 600
3.21 600
12.32 600
3.20 600
12.37 600
3.18 600
8.09 600
0.37 0.54
600 4.30
600 6.77
44.34 600
115.81 600
0.01 0.04
0.00 0.01
600 600
0.00 0.01
1.18 0.06
0.43 8.38
3.17 7.08
0.16 0.41
0.02 0.07
0.08 0.51
108.65 600
99.80 273.61
0.15 0.15
32.83 32.43
0.07 0.10
0.03 0.06
0.02 0.05
0.02 0.05
0.01 0.03
6.62 0.01
5.96 0.02
600 50.43
600 50.67
0.18 0.05
0.14 0.04
0.20 0.04
1.84 20.26
2.26 29.75
0.00 0.02
0.00 0.01
0.01 0.03
0.01 0.03
2.83 31.91
1.58 600
0.08 0.10
0.04 600
0.93 600
0.83 600
0.01 0.02
0.13 0.23
4.36 0.40
0.32 1.39
0.10 0.01
0.09 0.00
0.08 0.01
0.09 0.01
0.09 0.01
0.10 0.01
0.04 0.01
0.04 0.00
0.04 0.01
0.04 0.01
0.03 0.01
0.02 0.01
1.22 0.28
0.02 0.02
0.10 0.01
0.10 0.01
0.08 0.01
0.08 0.01
0.10 0.00
0.10 0.00
0.10 0.01
0.10 0.01
0.09 0.01
0.10 0.01
0.10 0.00
0.11 0.01
3.15 31.74
3.18 29.88
0.12 0.30
0.12 0.30
3.24 600
0.00 0.02
0.06 0.14
0.08 0.14
0.14 0.15
0.07 0.14
0.07 0.88
0.07 0.14
0.08 0.81
0.07 0.14
0.07 0.50
0.07 0.14
0.02 0.04
0.02 0.04
0.05 0.35
0.02 0.04
0.03 0.23
0.61 2.96
0.60 2.82
0.40 4.70
0.01 0.01
0.08 0.03
0.02 0.02
23.96 86.07
0.01 0.03
0.01 0.03
0.02 0.03
0.02 0.08
0.05 600
1.35 1.30
0.00 0.00
0.00 0.00
0.00 0.00
600 600
600 600
600 600
