600 600
53.32 7.12
10.85 3.83
600 600
71.17 84.60
61.56 63.59
70.64 72.22
70.12 7.38
16.19 16.17
0.03 0.05
60.97 600
16.21 16.18
600 600
0.18 600
600 600
0.01 0.02
0.44 0.42
0.00 0.01
2.26 2.26
0.00 0.00
0.02 0.03
0.10 0.11
6.49 6.58
0.01 0.01
0.00 0.00
0.00 0.00
0.00 0.00
0.00 0.00
1.27 1.29
0.01 0.01
0.02 0.02
0.01 0.01
0.00 0.00
0.00 0.00
0.00 0.00
0.00 0.00
0.00 0.00
1.28 1.01
0.01 0.00
0.00 0.00
0.00 0.00
1.30 1.29
0.00 0.00
0.01 0.01
0.04 0.04
0.00 0.01
600 600
67.66 67.56
67.49 67.59
12.93 600
14.53 6.93
1.44 14.59
2.34 34.49
600 600
600 600
600 600
13.96 17.98
0.03 0.01
60.30 64.48
0.00 0.00
0.00 0.00
0.00 0.00
25.74 15.16
21.72 6.97
110.51 221.81
0.03 0.03
0.03 0.03
63.62 62.32
62.47 62.92
88.20 88.54
0.00 0.00
0.02 0.02
0.00 0.00
0.04 0.08
0.01 0.00
8.83 8.33
0.00 0.00
0.01 0.02
0.00 0.01
8.81 0.09
0.00 0.00
0.04 0.07
0.00 0.00
0.01 0.02
0.00 0.00
0.01 0.01
0.01 0.00
9.22 0.48
0.00 0.00
0.05 0.08
0.00 0.00
0.02 0.02
0.01 0.01
0.30 0.49
0.00 0.00
0.02 0.02
0.00 0.00
8.77 8.91
0.00 0.01
0.20 0.25
0.00 0.01
0.02 0.03
0.00 0.00
0.04 0.02
0.00 0.00
0.01 0.02
0.00 0.00
0.02 0.02
0.01 0.01
8.90 8.97
0.00 0.00
0.02 0.03
0.00 0.00
0.02 0.02
0.00 0.00
0.02 0.02
0.00 0.00
0.04 0.07
0.02 0.01
0.18 0.26
0.01 0.01
0.06 0.07
0.00 0.00
0.01 0.02
0.00 0.00
0.02 0.02
0.00 0.00
0.02 0.02
0.00 0.00
0.02 0.02
0.00 0.00
0.02 0.02
0.00 0.01
0.05 0.07
0.00 0.00
0.04 0.08
0.00 0.00
0.02 0.02
0.00 0.00
0.04 0.08
0.03 0.01
8.90 8.92
0.01 0.01
0.23 0.39
0.00 0.00
0.05 0.07
0.00 0.01
0.04 0.06
0.00 0.00
0.02 0.02
0.00 0.00
0.04 0.07
0.00 0.00
8.78 8.90
0.00 0.00
0.02 0.02
0.00 0.00
0.04 0.08
0.00 0.00
0.02 0.02
0.00 0.01
0.06 0.08
0.00 0.00
0.05 0.08
0.00 0.00
0.01 0.02
0.00 0.00
0.05 0.08
0.00 0.00
8.83 0.30
15.18 15.40
0.59 0.72
0.80 0.78
0.26 0.77
3.62 3.39
0.04 0.09
0.00 0.09
0.00 0.01
70.81 51.17
0.53 2.36
600 600
48.43 48.78
1.09 0.86
4.89 3.30
0.06 0.17
0.00 0.11
0.00 0.00
1.00 1.74
600 600
4.68 6.64
600 600
5.20 600
16.78 2.90
3.44 2.14
5.51 5.62
0.53 2.84
0.54 0.54
0.51 0.56
600 600
2.46 3.12
72.51 51.84
0.54 0.63
600 262.59
1.15 0.90
1.48 2.89
0.10 0.22
0.10 0.28
0.16 0.16
0.05 0.09
0.11 0.27
0.03 0.09
26.48 71.14
0.03 0.26
0.02 0.06
0.02 0.05
600 80.78
5.98 0.74
0.06 0.40
0.06 0.15
5.97 51.82
0.05 0.16
3.85 2.28
0.96 5.59
0.13 0.55
0.13 0.39
0.51 0.53
600 600
15.14 5.34
13.60 75.97
0.53 0.65
46.33 264.75
5.62 1.38
600 600
5.43 8.72
0.00 0.01
0.11 0.19
0.07 0.16
0.09 0.28
0.32 0.18
0.07 0.10
0.06 0.12
0.16 0.44
0.04 0.12
43.00 70.98
0.08 0.17
0.02 0.06
0.06 0.13
45.20 81.94
6.40 1.22
29.95 81.75
6.49 1.23
0.11 0.34
0.07 0.20
11.15 70.72
0.07 0.18
0.00 0.00
0.05 0.03
600 600
0.84 1.29
1.34 1.77
600 259.47
600 600
15.35 0.72
17.56 1.03
600 263.60
0.56 0.54
5.80 5.77
600 600
600 600
600 600
600 600
5.10 600
15.97 16.58
600 600
21.81 40.35
600 600
600 600
16.78 17.60
0.52 1.78
600 600
600 600
19.68 244.35
5.56 12.50
21.40 600
600 600
21.28 600
600 600
600 600
18.25 600
0.07 0.42
0.49 0.15
0.00 0.00
0.00 0.00
600 600
600 600
0.00 0.02
0.20 0.24
0.03 0.24
0.14 0.80
0.07 0.11
0.04 0.09
15.32 5.73
4.16 16.01
6.28 6.22
0.09 0.63
15.48 5.84
15.07 16.23
10.25 11.64
0.18 0.70
600 600
15.49 17.70
77.34 78.27
5.38 5.82
0.34 15.80
0.02 0.06
0.16 0.76
0.02 0.04
600 255.20
6.30 1.36
0.06 0.29
0.52 0.84
0.04 0.15
0.06 0.08
68.74 75.40
77.37 71.98
15.04 15.21
0.39 0.22
0.13 0.78
0.02 0.04
0.06 0.56
0.20 0.79
0.06 0.23
0.05 0.18
0.00 0.00
0.12 0.54
0.02 0.04
0.00 0.01
600 600
600 600
20.24 600
48.44 600
600 600
600 600
175.30 600
600 600
600 600
600 600
600 600
600 600
600 600
600 600
600 600
600 600
600 600
600 600
0.86 11.39
0.00 0.01
0.01 0.02
0.00 0.03
0.00 0.01
0.00 0.00
0.00 0.01
0.01 0.02
0.00 0.02
0.15 5.49
0.00 0.02
0.00 0.03
0.01 0.09
0.00 0.01
0.00 0.01
0.00 0.01
0.02 0.04
0.01 0.03
0.04 0.11
0.00 0.01
0.00 0.00
0.01 0.01
0.00 0.16
0.01 0.08
0.01 0.12
0.00 0.01
0.00 0.00
0.00 0.02
0.00 0.02
0.00 0.01
0.00 0.02
0.01 0.04
0.01 0.06
0.00 0.06
0.00 0.05
0.01 0.04
0.01 0.08
0.01 0.10
0.01 0.21
0.00 0.12
0.00 0.01
0.00 0.01
0.01 0.02
0.00 0.01
0.00 0.03
0.01 0.11
0.00 0.01
0.00 0.00
0.01 0.06
0.02 0.03
0.01 0.03
0.15 5.40
0.00 0.21
0.01 0.13
0.04 0.14
0.01 0.06
0.01 0.10
0.01 0.13
0.01 0.04
0.01 0.05
0.01 0.11
0.01 0.19
0.01 0.24
0.01 0.12
0.34 0.03
0.07 0.06
0.92 0.27
0.00 0.01
0.01 0.01
0.01 0.02
0.02 0.03
0.02 0.03
0.26 0.12
0.01 0.02
0.02 0.04
0.27 0.18
0.16 0.31
0.03 0.21
0.19 0.42
0.20 0.03
0.04 0.08
0.55 0.50
0.01 0.02
0.02 0.04
0.55 0.50
0.01 0.03
0.02 0.04
0.54 0.51
0.54 0.34
0.03 0.21
0.54 0.50
0.00 0.05
0.00 0.02
0.01 0.04
0.00 0.12
0.01 0.06
0.24 51.51
0.12 0.27
0.10 0.61
0.17 4.70
0.01 0.11
0.08 0.38
2.54 1.24
0.00 0.17
0.01 0.13
0.01 0.10
0.02 0.09
0.01 0.15
0.14 72.38
0.00 0.01
0.00 0.01
0.00 0.01
0.00 0.00
0.00 0.00
0.00 0.00
0.00 0.00
0.00 0.01
0.00 0.00
0.00 0.01
0.00 0.00
0.01 0.02
0.01 0.01
0.01 0.01
0.00 0.00
0.00 0.00
0.00 0.00
0.01 0.01
0.00 0.01
0.01 0.02
0.01 0.01
0.00 0.00
0.00 0.00
0.01 0.04
0.00 0.01
0.00 0.00
0.00 0.00
0.00 0.00
0.00 0.01
0.00 0.01
0.01 0.00
0.01 0.00
0.00 0.00
0.01 0.02
0.00 0.01
0.00 0.01
0.01 0.02
0.00 0.01
0.00 0.01
0.00 0.01
0.00 0.00
0.00 0.01
0.00 0.01
0.01 0.29
0.00 0.05
0.02 0.04
0.04 0.02
0.02 0.01
0.05 0.11
0.00 0.01
0.00 0.00
0.00 0.00
0.00 0.00
0.00 0.00
0.00 0.00
0.00 0.01
0.00 0.01
0.00 0.00
0.00 0.01
0.00 0.01
0.80 0.52
0.01 0.06
0.01 0.01
0.00 0.01
0.00 0.01
0.01 0.10
0.01 0.01
0.01 0.06
0.02 0.02
0.00 0.00
0.00 0.00
0.00 0.01
0.00 0.01
0.00 0.00
0.00 0.01
0.00 0.01
0.00 0.00
0.00 0.00
0.00 0.01
0.00 0.00
0.00 0.00
0.00 0.01
0.00 0.00
0.00 0.01
0.00 0.01
0.00 0.01
0.00 0.00
0.00 0.01
0.00 0.00
0.00 0.01
0.00 0.00
0.00 0.01
0.00 0.01
0.00 0.00
0.00 0.00
0.00 0.01
0.00 0.00
0.00 0.01
0.00 0.00
0.00 0.01
0.00 0.00
0.00 0.01
0.00 0.00
0.00 0.01
0.00 0.00
0.00 0.01
0.00 0.00
33.06 0.52
0.08 0.39
0.04 0.30
0.00 0.01
0.00 0.00
0.00 0.00
0.00 0.00
0.00 0.00
0.00 0.00
33.09 0.52
32.59 0.50
0.00 0.00
0.00 0.00
0.01 0.02
0.01 0.01
0.00 0.02
0.00 0.01
0.00 0.00
0.00 0.00
0.00 0.00
0.01 0.01
0.00 0.00
0.01 0.01
0.00 0.01
0.01 0.01
0.48 0.67
0.40 0.42
0.06 0.04
0.02 0.03
0.05 0.03
0.02 0.01
0.04 0.02
0.08 0.16
0.00 0.04
0.08 0.04
1.92 2.80
0.05 0.07
0.08 0.20
0.10 0.16
2.86 1.61
14.34 2.49
0.01 0.01
0.01 0.01
0.00 0.01
0.00 0.01
0.01 0.01
0.01 0.01
0.01 0.00
0.01 0.01
0.01 0.01
0.01 0.01
0.01 0.01
0.01 0.01
0.00 0.00
0.01 0.01
0.01 0.01
0.01 0.01
0.01 0.01
0.00 0.01
1.32 1.37
1.36 1.34
1.32 0.48
1.00 1.41
0.04 0.06
0.03 0.08
0.01 0.01
0.01 0.01
0.01 0.00
0.00 0.01
0.02 0.05
0.03 0.06
0.00 0.01
0.01 0.00
0.01 0.01
0.02 0.02
0.05 0.07
0.04 0.06
0.04 0.08
0.01 0.00
600 600
0.01 0.01
0.00 0.01
0.01 0.01
0.01 0.01
0.00 0.01
0.01 0.01
0.01 0.01
0.01 0.01
0.00 0.00
0.01 0.02
31.90 0.31
0.04 0.02
0.00 0.01
0.01 0.01
0.03 0.19
600 600
0.00 0.00
0.00 0.00
0.02 0.04
600 600
0.00 0.00
0.00 0.01
0.00 0.00
0.00 0.01
0.00 0.00
0.00 0.00
0.00 0.00
0.00 0.01
0.00 0.01
0.00 0.01
0.01 0.00
0.00 0.01
0.01 0.01
0.00 0.00
600 600
1.50 0.01
600 600
600 600
8.95 600
600 600
600 600
600 600
600 600
0.00 0.01
3.76 0.80
600 141.23
600 600
0.17 0.51
600 600
2.58 0.94
2.25 0.48
5.60 4.46
0.00 0.01
12.13 11.24
600 600
600 600
0.01 0.02
600 600
600 600
600 600
600 600
600 600
600 600
600 600
600 600
0.01 0.02
0.02 0.10
0.01 0.04
0.93 4.59
0.18 0.55
0.24 84.82
0.29 0.56
2.78 78.42
0.91 42.29
0.01 0.15
0.02 0.09
0.02 0.08
0.02 0.05
1.30 1.31
1.28 1.31
1.28 1.31
1.31 1.31
1.28 1.34
1.28 1.34
0.56 1.55
1.33 1.58
1.40 2.28
1.65 1.76
1.40 2.28
1.64 1.78
0.01 0.02
0.06 0.04
0.02 0.02
0.06 0.04
0.01 0.02
0.02 0.02
0.00 0.01
0.00 0.01
0.04 0.00
0.02 0.00
0.00 0.00
0.00 0.00
5.37 0.00
5.24 0.01
0.01 0.02
0.01 0.01
0.02 0.00
0.00 0.00
0.00 1.30
0.00 1.30
1.53 6.73
0.47 6.82
16.84 30.25
16.69 29.94
0.00 0.00
0.00 0.00
0.00 0.01
0.01 0.00
4.74 2.12
1.34 2.17
2.10 5.20
1.52 33.63
0.01 0.01
0.00 0.00
0.00 0.01
0.01 0.01
0.00 0.01
0.01 0.01
0.00 0.00
0.00 0.00
22.26 22.32
0.82 22.30
1.52 0.05
0.01 0.04
0.01 0.02
0.01 0.01
0.87 0.09
0.05 0.10
0.02 0.08
0.03 0.06
0.03 0.03
1.31 1.08
0.00 0.09
0.04 0.00
0.01 0.02
0.00 0.00
0.03 0.00
0.01 0.01
0.02 0.00
600 600
1.40 1.74
0.00 0.00
0.00 0.00
1.92 3.02
0.42 0.13
0.00 0.00
0.00 0.00
0.00 0.01
0.00 0.00
0.40 0.00
0.41 0.43
0.00 0.00
0.00 0.00
0.01 0.02
0.00 0.00
179.72 3.97
0.00 0.00
0.00 0.00
0.00 0.00
0.10 0.18
0.08 0.17
0.01 0.02
5.27 0.05
0.09 1.38
0.09 1.34
0.00 0.00
7.32 1.62
0.00 0.00
1.41 2.25
0.18 0.25
0.00 0.00
0.00 0.00
0.00 0.00
96.87 97.99
0.54 0.52
0.19 0.65
0.00 0.00
5.34 6.19
5.36 5.96
2.58 3.31
2.54 3.31
6.27 6.36
6.32 6.34
1.78 2.38
102.44 213.13
198.54 214.99
198.77 214.60
198.76 219.74
1.27 1.30
15.15 15.44
1.57 1.90
600 600
600 600
600 600
169.87 167.27
268.50 286.60
8.26 4.19
114.48 115.33
2.68 1.87
4.41 4.37
1.10 1.77
2.34 3.49
1.90 0.28
189.49 600
2.42 4.71
6.42 58.61
8.77 3.12
195.57 289.98
0.18 1.91
21.65 59.16
2.86 8.68
192.71 600
15.55 77.01
199.92 154.78
4.18 7.77
600 600
600 600
226.27 226.93
1.57 0.09
0.03 0.03
0.02 0.02
0.84 0.93
0.01 0.01
0.01 0.01
0.00 0.01
0.01 0.00
0.01 0.01
0.00 0.01
0.01 0.01
0.01 0.01
25.11 0.19
1.06 0.20
1.54 1.77
0.05 0.12
32.81 55.37
0.08 0.12
3.60 3.28
0.18 0.18
600 600
600 600
600 600
600 600
53.77 153.20
78.95 20.46
1.53 2.12
2.50 2.47
68.54 290.24
0.06 0.06
59.39 53.49
1.07 0.71
64.02 600
3.76 2.46
59.07 53.82
1.87 4.08
0.01 0.02
32.17 28.84
32.25 117.43
9.76 11.83
24.66 18.70
0.07 0.06
600 600
0.00 0.00
0.01 0.00
0.00 0.00
0.01 0.01
0.00 0.01
0.00 0.00
0.01 0.00
1.40 1.41
0.02 0.01
1.32 1.41
1.54 1.56
1.51 1.55
0.01 0.01
0.01 0.01
57.22 57.99
600 600
0.69 0.66
600 600
600 600
600 600
600 600
600 600
58.75 59.87
0.12 0.08
600 600
600 600
0.55 0.85
0.01 0.01
0.00 0.01
0.01 0.01
0.01 0.01
0.01 0.01
0.01 0.01
0.01 0.01
0.01 0.01
0.00 0.01
0.01 0.01
0.01 0.01
0.01 0.01
0.01 0.01
11.14 600
0.02 0.02
0.02 0.01
12.77 12.91
12.69 12.91
0.34 0.43
0.01 0.01
0.01 0.01
0.01 0.01
0.01 0.01
3.42 0.08
0.01 0.01
0.01 0.01
0.01 0.02
0.01 0.01
0.01 0.01
0.01 0.01
0.02 0.02
0.02 0.02
0.03 0.04
0.03 0.03
0.01 0.01
0.02 0.02
0.01 0.01
0.02 0.02
2.06 2.25
0.01 0.02
1.37 1.42
0.01 0.01
0.01 0.01
0.01 0.01
0.02 0.02
0.02 0.02
0.02 0.02
0.01 0.02
0.01 0.01
4.23 4.43
4.28 4.40
6.08 6.19
6.00 6.13
0.00 0.00
0.00 0.00
0.00 0.00
0.00 0.00
0.23 0.07
0.01 0.01
600 600
1.26 1.30
600 600
600 600
0.00 0.00
3.26 0.32
66.08 58.58
600 59.32
600 600
600 600
600 600
3.64 1.90
0.00 0.00
0.00 0.00
1.70 0.00
6.86 13.85
0.04 1.26
1.68 0.03
15.12 26.68
0.01 1.65
0.06 1.74
0.70 2.54
47.69 47.05
1.10 0.51
0.00 0.00
33.62 32.56
29.91 32.57
0.00 0.00
33.53 29.56
0.00 0.01
0.21 0.26
0.06 0.12
4.56 3.32
0.00 0.00
0.79 1.41
0.10 6.46
0.32 0.01
4.58 2.40
0.02 0.01
0.00 0.01
0.00 0.01
0.02 0.01
0.00 0.01
0.02 0.00
0.14 0.01
2.23 0.57
0.22 0.02
600 600
0.01 0.01
3.88 2.51
0.03 0.01
0.02 0.01
0.04 0.76
0.00 0.01
600 30.33
1.31 7.65
600 600
0.00 0.00
8.21 1.94
0.00 0.00
600 600
0.01 0.01
1.53 1.44
1.33 0.01
0.01 0.01
1.36 1.30
1.39 0.03
600 600
84.85 8.45
12.27 7.58
600 600
600 600
0.64 7.75
600 600
600 600
600 600
600 600
600 600
0.04 0.03
0.24 1.46
0.12 0.06
0.02 0.01
600 600
600 600
600 234.30
600 600
600 0.02
600 600
0.06 0.02
600 229.05
0.97 43.59
600 600
0.05 0.02
600 0.02
600 600
600 224.51
243.14 129.83
600 600
600 231.62
600 600
600 223.29
244.19 206.92
84.67 62.16
600 600
10.38 7.55
600 600
600 600
0.15 0.02
600 600
0.14 0.02
600 600
0.03 0.02
0.16 0.03
147.51 63.72
600 600
0.17 0.02
0.00 0.02
0.16 0.02
600 257.08
600 600
600 600
600 600
0.02 0.02
600 600
600 600
600 600
244.24 62.47
600 600
0.16 0.04
600 600
600 246.25
0.32 0.04
600 600
600 600
600 600
223.86 0.55
0.03 0.03
8.98 7.51
600 600
0.39 0.03
0.10 0.03
600 600
27.06 206.00
600 600
600 600
600 600
600 600
600 600
242.45 600
600 600
1.77 0.17
600 600
600 600
600 600
0.20 0.03
600 600
6.33 0.32
600 83.01
0.00 0.00
0.34 0.04
600 600
600 600
16.90 7.18
9.18 0.70
1.54 3.38
600 600
600 600
600 25.37
600 600
600 600
600 600
2.99 6.32
600 600
600 600
600 600
600 600
600 600
600 600
600 600
600 600
600 600
600 600
600 600
600 600
600 600
600 600
8.29 2.42
214.06 7.72
2.97 2.66
8.58 1.98
1.92 0.23
0.07 0.07
600 600
600 600
600 600
600 600
600 600
600 600
600 600
600 600
600 600
8.40 6.43
600 7.67
28.90 14.07
0.09 0.09
25.13 7.70
3.22 1.85
27.60 7.70
600 600
600 600
600 600
600 600
600 600
600 600
600 600
600 600
600 600
119.95 60.19
151.96 6.88
0.67 0.13
600 13.80
600 7.95
600 8.04
8.38 2.25
14.30 7.51
600 7.60
600 7.76
600 600
600 600
600 600
600 600
600 600
600 600
600 600
600 600
12.35 6.33
600 600
600 600
600 600
600 600
267.72 0.65
600 600
600 600
600 7.83
600 600
600 600
600 600
600 61.74
600 600
600 7.48
600 600
600 600
600 7.59
3.27 1.50
16.32 14.27
600 600
600 271.77
600 600
600 14.21
600 600
8.70 7.66
600 7.78
600 600
600 600
600 600
600 600
600 600
600 600
600 600
600 600
21.81 20.76
600 10.74
0.16 0.18
15.60 0.22
600 0.18
600 600
600 600
600 600
600 600
600 600
600 600
0.24 0.20
600 600
600 600
600 600
600 600
8.08 14.45
600 86.11
600 600
600 600
600 243.58
600 600
600 600
600 7.71
600 7.81
600 600
600 600
600 600
600 600
600 600
600 600
600 600
600 600
600 600
600 600
47.20 73.51
65.61 65.76
0.00 0.01
0.01 0.00
0.00 0.00
0.00 0.01
0.00 0.00
0.01 0.01
0.00 0.00
0.00 0.00
0.01 0.03
0.02 0.03
0.06 0.18
0.05 0.17
0.05 0.19
0.04 0.16
0.04 0.16
0.08 0.17
0.03 0.12
0.02 0.10
0.10 0.10
0.07 0.15
0.06 0.14
600 600
0.12 0.45
0.20 0.85
0.05 0.15
0.03 0.14
600 600
0.02 0.03
0.07 0.15
0.02 0.03
600 600
0.01 0.03
0.05 0.08
0.02 0.02
0.03 0.07
600 600
0.02 0.02
600 600
600 600
0.08 0.12
0.02 0.02
0.01 0.03
0.03 0.05
0.02 0.03
0.01 0.02
0.02 0.03
0.01 0.03
0.02 0.03
0.02 0.03
0.02 0.02
0.02 0.03
0.02 0.03
0.01 0.03
0.06 0.04
0.02 0.03
0.01 0.03
0.01 0.02
0.02 0.03
0.01 0.03
0.01 0.03
0.02 0.02
0.01 0.03
0.02 0.02
0.02 0.03
0.02 0.03
600 600
0.01 0.03
0.02 0.02
0.01 0.03
0.01 0.02
0.02 0.02
0.01 0.03
0.01 0.03
0.01 0.03
0.01 0.03
7.50 7.80
1.32 1.35
1.33 1.36
0.02 0.03
0.08 0.97
0.07 0.22
0.06 0.19
0.05 0.17
0.05 0.12
0.07 0.16
0.03 0.19
600 600
600 600
0.58 1.32
1.32 1.34
1.28 0.32
0.01 0.03
0.02 0.03
0.01 0.02
600 600
0.15 0.64
600 600
1.34 282.16
0.55 1.43
600 600
0.07 0.44
0.12 0.52
0.12 0.33
0.08 0.46
600 600
0.01 0.02
600 600
0.01 0.02
0.06 0.31
0.01 0.03
600 600
0.22 0.38
0.02 0.03
600 600
0.01 0.03
600 600
0.01 0.03
0.01 0.03
0.03 0.04
0.02 0.04
0.03 0.04
0.04 0.04
0.03 0.04
0.03 0.04
0.02 0.04
0.02 0.05
0.02 0.04
0.01 0.04
0.02 0.04
0.02 0.03
0.01 0.03
0.02 0.03
0.01 0.02
0.01 0.03
0.02 0.03
0.00 0.03
0.02 0.04
0.02 0.04
0.06 0.12
0.03 0.09
0.02 0.04
0.01 0.04
0.06 0.14
0.03 0.09
0.02 0.04
0.02 0.03
0.01 0.04
0.02 0.04
0.02 0.05
0.02 0.05
0.02 0.04
0.02 0.04
0.09 0.09
0.01 0.03
0.02 0.03
0.02 0.04
0.01 0.03
0.02 0.03
0.03 0.05
0.02 0.11
0.02 0.03
0.02 0.05
0.03 0.04
0.02 0.04
0.02 0.03
0.02 0.04
0.03 0.04
0.04 0.04
0.02 0.04
0.02 0.04
0.02 0.04
0.02 0.04
0.03 0.04
0.02 0.05
0.02 0.06
0.02 0.04
0.02 0.04
0.02 0.03
0.02 0.04
0.02 0.04
0.02 0.03
0.02 0.03
0.02 0.04
0.02 0.04
0.02 0.03
0.02 0.11
0.02 0.12
0.03 0.09
0.03 0.09
0.02 0.04
0.01 0.04
0.02 0.09
0.02 0.03
0.01 0.03
0.02 0.08
0.02 0.03
0.01 0.03
0.01 0.04
0.01 0.04
0.02 0.04
0.02 0.03
0.02 0.04
0.02 0.03
0.02 0.04
0.02 0.03
0.02 1.41
0.02 0.04
0.02 0.03
0.01 0.03
0.01 0.04
0.02 0.03
0.02 0.04
0.02 0.03
0.02 0.03
0.02 0.04
0.02 0.04
0.02 0.03
0.00 0.00
0.00 0.01
0.00 0.00
0.00 0.01
0.00 0.01
0.01 0.02
0.01 0.02
600 600
0.00 0.00
3.34 0.20
0.00 0.00
0.00 0.01
0.18 3.04
1.23 0.13
0.01 0.20
0.12 0.19
600 600
600 600
600 600
0.00 0.00
0.01 0.01
0.00 0.00
0.00 0.00
0.00 0.00
0.00 0.00
0.00 0.01
0.00 0.07
0.02 0.23
0.00 0.00
600 600
0.01 3.42
0.00 0.00
97.48 85.57
0.00 0.00
0.05 57.79
0.00 0.00
0.00 0.00
50.16 85.71
0.00 0.00
1.32 0.72
0.01 2.23
0.00 0.00
0.00 0.00
1.66 62.14
0.01 0.01
0.00 0.00
0.01 0.00
0.00 0.00
0.00 0.00
0.00 0.00
0.00 0.00
0.00 0.00
0.05 0.03
0.05 0.04
0.00 0.03
600 600
0.01 0.02
8.38 600
3.28 7.89
2.60 9.43
34.70 223.31
8.83 32.52
2.68 119.16
2.88 9.16
1.34 8.50
1.94 31.12
0.07 0.16
5.12 10.30
8.17 8.94
6.96 9.32
0.05 0.22
0.29 0.76
0.06 0.10
0.04 0.12
0.26 31.76
0.44 9.84
79.20 600
1.39 0.16
1.33 0.31
8.90 84.61
9.12 83.31
34.90 251.19
1.41 3.00
1.40 2.10
8.49 34.88
1.39 2.42
0.68 2.22
8.10 34.97
1.35 1.76
1.32 1.83
1.44 2.74
0.30 16.14
0.30 16.02
0.26 2.56
0.22 16.12
0.22 30.63
0.00 0.00
0.00 0.00
0.40 1.53
1.40 1.45
0.45 2.75
0.39 1.60
110.49 1.43
89.82 89.44
6.45 6.51
600 600
600 600
600 600
1.60 0.13
600 600
600 600
600 600
6.28 6.40
0.05 0.05
600 600
600 600
600 600
0.01 0.02
600 600
600 600
600 600
600 600
58.77 0.92
0.02 0.01
600 600
0.02 0.02
600 600
0.19 0.19
0.26 0.25
600 600
0.01 0.02
0.28 0.27
2.27 2.25
600 600
0.07 0.08
0.02 0.02
0.10 0.09
600 600
600 600
0.02 0.02
600 600
0.02 0.01
600 600
600 600
600 600
0.16 0.16
600 600
600 600
600 600
600 600
99.74 600
600 600
600 600
600 600
0.01 0.02
600 600
600 600
600 600
234.23 600
33.22 33.11
33.07 33.53
600 600
600 600
600 600
0.06 0.07
0.00 0.01
0.18 0.51
0.00 0.00
0.00 0.00
3.01 1.26
0.71 0.03
0.05 0.01
0.01 0.00
0.00 0.02
0.01 0.10
0.01 0.01
0.39 0.04
0.01 0.02
0.40 0.53
0.03 5.65
0.46 0.55
0.00 0.00
6.07 0.17
0.06 10.17
9.20 10.16
0.00 0.00
0.00 0.00
0.01 0.05
0.18 0.02
0.00 0.00
0.08 0.36
9.21 23.82
0.00 0.01
0.01 0.02
0.01 0.02
0.01 0.28
9.40 9.48
0.02 0.01
0.01 0.01
0.00 0.01
0.01 0.00
0.00 0.00
0.00 0.00
0.00 0.11
0.00 0.01
0.03 0.19
0.02 0.14
0.01 0.02
0.00 0.02
0.00 0.01
0.00 0.01
0.00 0.01
0.01 0.02
0.01 0.51
0.03 0.70
0.01 0.09
0.00 0.01
0.01 27.93
0.01 28.72
0.03 30.50
0.01 0.02
24.27 0.06
30.80 0.07
0.07 0.56
0.01 0.13
0.00 0.14
0.00 0.15
0.01 0.18
0.01 5.90
0.01 5.96
0.00 0.27
0.00 0.22
0.00 0.00
0.26 124.36
0.09 220.24
0.07 141.94
25.00 34.02
0.01 0.03
0.00 0.01
0.00 0.01
0.01 0.03
0.01 0.04
0.01 0.88
0.01 0.22
7.65 50.29
0.00 0.01
0.00 0.01
0.01 0.10
0.02 0.10
0.00 0.03
0.00 62.03
0.06 0.37
0.00 0.14
0.00 0.14
0.00 0.14
0.01 0.14
0.05 13.12
0.05 7.83
0.19 9.94
0.20 9.99
0.00 0.01
0.00 0.02
0.00 0.01
0.08 6.04
5.67 6.10
0.18 0.06
0.18 0.07
0.00 0.00
0.05 0.25
5.69 13.12
0.06 0.19
0.01 0.01
0.07 1.64
0.26 0.32
0.25 0.32
0.03 0.10
0.01 0.06
0.01 48.89
0.01 0.09
0.01 0.01
0.01 0.01
0.01 0.02
0.01 0.02
0.01 0.01
0.00 0.01
0.00 0.00
0.00 0.01
0.01 0.01
0.01 0.01
0.00 0.01
0.00 0.00
0.01 2.25
0.06 49.09
0.00 0.01
0.01 0.01
0.01 0.02
0.01 0.02
0.00 0.02
0.01 0.01
0.01 0.02
0.01 0.02
0.01 0.02
0.00 0.02
0.00 0.01
0.01 0.01
0.00 0.01
0.05 0.87
0.05 0.10
0.04 0.11
0.28 0.40
0.01 0.09
0.04 0.76
0.04 0.80
0.03 0.90
0.04 0.86
0.04 0.99
0.04 0.11
0.04 0.92
0.04 0.18
0.04 0.19
0.04 0.17
0.02 0.10
0.02 0.16
0.01 0.12
0.02 0.17
0.01 12.96
0.04 0.32
0.05 0.30
0.01 0.02
0.00 0.02
0.02 0.05
0.01 0.21
0.00 0.01
0.01 0.06
0.02 0.14
0.02 0.16
0.01 0.01
0.12 50.72
0.01 0.35
0.00 0.10
0.00 0.00
0.00 0.00
600 600
600 600
600 600
