600 600
600 600
600 600
600 600
600 600
600 600
600 600
600 600
600 600
600 600
600 600
600 600
600 600
600 600
600 600
0.02 0.01
0.02 0.01
0.14 0.16
0.48 0.50
0.02 0.02
0.02 0.02
0.72 0.69
600 600
0.03 0.02
0.03 0.01
0.01 0.02
0.02 0.02
0.02 0.02
0.28 0.27
0.08 0.10
0.07 0.06
0.01 0.01
0.02 0.02
0.00 0.02
0.02 0.02
0.01 0.02
0.02 0.02
0.02 0.02
0.02 0.02
0.01 0.02
0.02 0.02
0.02 0.02
0.02 0.02
0.33 0.29
0.08 0.08
0.01 0.02
600 600
600 600
600 600
600 600
600 10.82
600 600
600 600
600 600
600 600
600 600
600 600
600 34.20
600 600
0.02 0.01
0.02 0.03
0.03 0.02
600 600
600 600
600 600
0.23 0.23
0.21 0.22
600 600
600 600
600 600
0.03 0.02
0.28 0.21
0.02 0.02
2.25 1.48
0.03 0.04
240.83 251.05
0.02 0.02
0.20 0.22
0.01 0.03
41.03 1.91
0.02 0.02
2.20 2.24
0.02 0.03
0.32 0.47
0.01 0.02
0.36 0.45
0.03 0.02
600 30.17
0.01 0.03
2.33 2.70
0.02 0.02
0.28 0.39
0.26 0.18
600 600
0.02 0.04
1.57 0.40
0.02 0.03
238.53 246.14
0.80 0.07
600 600
0.02 0.02
0.40 0.56
0.02 0.03
5.75 6.06
0.01 0.02
0.30 0.43
0.02 0.01
0.28 0.24
0.03 0.03
600 255.44
0.02 0.02
0.32 0.48
0.03 0.02
0.27 0.23
0.02 0.02
0.31 0.42
0.01 0.02
0.27 0.41
0.27 0.20
600 600
0.02 0.04
5.74 5.99
0.03 0.00
0.18 0.24
0.02 0.04
600 18.28
0.02 0.02
0.26 0.32
0.03 0.02
0.27 0.37
0.02 0.02
0.33 0.46
0.02 0.02
2.28 1.49
0.01 0.03
2.21 1.90
0.01 0.02
0.28 0.37
0.00 0.02
0.27 0.42
0.02 0.04
228.37 270.46
0.06 0.06
600 600
0.02 0.02
2.21 281.32
0.02 0.03
0.66 266.58
0.02 0.03
0.32 0.44
0.02 0.01
2.24 1.47
0.03 0.04
600 285.16
0.03 0.01
0.30 0.43
0.00 0.01
2.22 0.52
0.01 0.02
0.25 0.32
0.02 0.02
34.66 35.42
0.01 0.02
2.26 0.52
0.02 0.02
0.27 0.24
0.03 0.02
600 600
0.02 0.02
42.24 1.92
600 600
1.34 14.10
600 1.13
197.84 1.22
600 7.29
0.04 2.09
0.03 0.02
0.02 0.02
600 600
0.02 0.09
600 600
600 600
1.84 3.55
600 8.22
2.34 0.05
0.02 0.02
0.01 0.02
1.42 3.22
600 600
40.51 2.83
600 600
600 600
600 103.60
0.04 1.36
0.04 0.60
0.66 4.48
0.75 0.69
2.39 0.53
600 600
1.44 3.12
600 600
0.05 0.10
600 600
2.00 0.15
600 600
0.02 0.06
0.02 0.03
0.02 0.48
0.02 0.02
600 122.04
0.02 0.02
600 600
0.04 1.14
0.03 0.06
0.47 1.96
600 600
0.12 3.52
0.02 0.42
0.02 0.03
600 600
0.02 0.02
0.02 1.36
0.06 0.64
0.18 0.17
0.11 0.18
0.89 0.28
600 600
20.18 56.09
600 600
0.06 0.07
600 600
2.64 600
600 600
600 2.96
0.02 0.02
0.02 0.05
0.02 0.03
0.02 0.02
0.02 0.45
0.02 0.03
0.02 0.03
0.58 55.74
0.01 0.01
600 600
0.06 0.18
0.03 0.06
1.31 1.49
600 600
0.14 600
600 600
0.12 600
0.01 0.02
0.01 0.02
600 600
0.02 0.02
0.01 0.03
0.07 0.04
600 600
10.91 6.71
30.62 5.06
600 600
600 600
2.01 4.10
600 600
600 600
1.36 4.55
600 600
600 600
600 600
600 600
600 600
600 600
600 600
600 600
600 600
600 600
600 600
600 84.48
0.51 3.38
600 600
600 600
3.48 600
600 0.97
600 600
600 600
600 600
600 600
600 600
600 600
0.14 0.04
0.02 0.02
0.02 0.01
0.01 0.03
600 600
600 600
0.10 0.01
0.45 0.02
245.31 0.02
272.07 32.72
600 0.03
0.02 0.02
600 29.16
600 600
600 600
22.73 2.47
600 31.82
600 600
600 600
28.00 18.00
600 600
600 600
600 600
600 600
600 600
0.01 0.01
600 58.34
0.03 0.02
600 600
2.43 80.66
0.12 0.02
109.64 74.68
0.02 0.02
0.02 0.03
600 600
600 600
4.20 3.23
0.07 0.14
290.52 41.87
0.04 0.03
227.13 0.76
600 30.75
600 0.04
0.02 0.03
0.01 0.02
0.13 0.29
0.03 0.03
0.03 0.03
600 600
600 600
600 600
600 600
600 600
600 600
600 600
600 600
600 600
600 600
600 600
600 600
600 600
600 600
600 600
600 600
600 600
600 600
0.68 5.82
0.02 0.03
0.04 0.08
0.12 0.05
0.01 0.02
0.00 0.02
0.03 0.03
0.03 0.04
0.05 0.02
0.50 0.26
0.04 0.03
0.06 0.10
0.03 0.37
0.02 0.03
0.02 0.02
0.00 0.03
0.06 0.04
0.06 0.02
0.07 0.37
0.01 0.02
0.01 0.02
0.02 0.02
0.02 0.12
0.06 0.05
0.17 0.09
0.03 0.01
0.02 0.01
0.02 0.03
0.04 0.02
0.06 0.02
0.02 0.03
0.01 0.02
0.68 0.04
0.02 0.03
0.02 0.03
0.63 0.12
0.02 0.06
0.04 0.04
0.09 0.04
0.04 0.04
0.02 0.02
0.03 0.03
0.11 0.45
0.03 0.04
0.07 0.11
0.16 0.33
0.02 0.04
0.01 0.02
0.11 0.30
0.05 0.04
0.06 0.04
0.20 0.32
0.02 0.03
0.06 0.06
0.15 0.08
0.05 0.18
0.44 0.04
0.03 0.04
0.01 0.02
0.42 0.03
0.04 0.03
0.03 0.03
0.14 0.30
0.04 0.04
0.36 0.07
0.16 0.09
0.34 0.50
0.03 0.02
0.02 0.03
0.04 0.02
0.05 0.08
0.11 0.11
0.09 0.03
0.06 0.09
0.10 0.12
0.07 0.04
11.11 0.37
0.19 5.15
0.08 0.04
0.43 0.08
0.17 0.09
1.23 0.52
0.06 0.08
0.11 0.11
0.06 0.51
0.06 0.08
0.08 0.10
0.06 0.54
0.71 0.44
0.15 6.60
0.06 0.53
0.02 0.02
0.18 0.01
0.06 0.05
0.04 0.04
0.08 0.06
0.50 0.26
0.06 0.19
7.51 1.30
0.14 0.06
0.05 0.02
0.16 0.04
0.42 0.51
0.02 0.02
0.07 0.03
0.06 0.04
0.11 0.31
0.08 0.13
3.36 2.01
0.02 0.15
0.00 0.04
0.01 0.02
0.00 0.02
0.01 0.01
0.01 0.03
0.02 0.03
0.03 0.03
0.01 0.03
0.01 0.04
0.02 0.04
0.03 0.02
0.03 0.03
0.02 0.02
0.60 0.09
0.02 0.02
0.02 0.01
0.03 0.04
0.02 0.04
0.03 0.04
0.02 0.02
0.02 0.03
0.02 0.04
0.01 0.18
0.02 0.14
0.02 0.02
0.02 0.02
0.03 0.03
0.02 0.02
0.02 0.03
0.03 0.04
0.02 0.02
0.01 0.04
0.10 1.15
0.02 0.02
0.01 0.02
0.02 2.59
0.03 0.02
0.02 0.02
0.03 0.03
0.03 0.04
0.02 0.02
1.09 0.02
3.10 79.43
2.38 220.48
0.06 0.10
2.41 235.00
1.91 220.46
0.08 0.08
0.02 0.03
0.02 0.02
0.02 0.03
0.01 0.02
0.02 0.02
0.01 0.01
0.02 0.03
0.02 0.02
0.00 0.02
0.01 0.02
0.02 0.04
0.84 0.40
0.02 0.03
0.05 0.05
0.01 0.01
0.03 0.01
0.01 0.00
0.04 0.03
0.02 0.04
0.05 0.05
0.02 0.02
0.02 0.00
0.02 0.02
0.02 0.02
0.02 0.02
0.01 0.02
0.02 0.02
0.02 0.02
0.02 0.03
0.02 0.02
0.02 0.02
0.02 0.03
0.02 0.02
0.03 0.02
0.02 0.03
0.02 0.01
0.01 0.02
0.02 0.02
0.03 0.02
0.02 0.02
0.02 0.02
0.02 0.01
0.02 0.02
0.01 0.03
0.01 0.03
0.03 0.01
0.01 0.02
0.02 0.02
0.02 0.02
0.02 0.02
0.02 0.02
0.01 0.03
0.02 0.03
0.01 0.01
0.02 0.02
0.03 0.02
0.02 0.02
0.03 0.02
7.70 0.37
0.03 0.20
0.48 0.64
0.03 0.04
0.02 0.02
0.02 0.02
0.01 0.02
0.02 0.02
0.02 0.02
0.05 2.72
0.05 1.92
0.02 0.03
0.02 0.04
0.01 0.02
0.03 0.03
0.01 0.02
0.03 0.04
0.02 0.03
0.02 0.02
0.02 0.03
0.03 0.06
0.01 0.01
0.03 0.02
0.02 0.03
600 0.13
600 0.47
600 0.01
600 5.82
600 0.20
600 0.04
600 0.06
600 2.29
27.59 4.71
0.12 0.08
8.83 0.05
0.09 0.11
33.47 4.50
600 0.06
600 4.02
600 600
2.28 1.40
0.03 0.04
0.04 0.04
0.02 0.05
0.03 0.04
0.02 0.04
600 0.04
600 0.04
0.03 0.04
0.02 0.03
0.03 0.04
0.03 0.04
0.03 0.04
0.03 0.04
0.04 0.05
0.02 0.03
0.04 0.06
0.02 0.05
0.04 0.04
0.07 2.62
0.09 0.12
0.16 0.12
0.04 0.12
0.02 0.02
0.04 0.05
0.04 0.04
0.03 0.04
0.04 0.05
0.04 0.06
0.04 0.04
0.04 0.06
0.03 0.04
0.03 0.04
0.05 0.05
0.12 0.07
0.10 0.10
0.04 0.06
0.14 0.13
0.03 0.02
600 600
0.03 0.03
0.05 0.06
0.04 0.04
0.02 0.04
0.03 0.04
0.03 0.04
0.04 0.04
0.04 0.05
0.02 0.03
0.04 0.04
52.02 600
167.01 600
0.04 0.04
0.02 0.04
1.92 83.98
600 600
0.02 0.04
0.03 0.04
4.37 600
600 600
0.02 0.02
0.01 0.03
0.02 0.02
0.02 0.01
0.02 0.01
0.03 0.02
0.03 0.02
0.03 0.04
0.02 0.02
0.02 0.01
0.02 0.01
0.01 0.02
0.03 0.02
0.02 0.01
600 600
600 18.22
600 600
600 600
600 600
600 600
600 600
600 600
600 600
600 0.06
600 286.44
600 600
600 600
600 0.05
600 600
60.85 10.27
2.76 0.80
600 6.14
0.02 0.03
600 600
600 600
600 600
0.09 0.23
600 600
600 600
600 600
600 600
600 600
600 600
600 600
600 600
0.03 0.15
0.06 0.32
0.04 0.16
600 2.45
13.65 0.47
600 18.53
600 1.42
600 33.57
600 0.24
600 600
600 600
600 221.26
600 600
600 0.04
0.04 0.03
600 0.03
0.04 0.03
0.25 0.05
0.26 0.05
600 26.54
600 25.31
0.56 49.38
600 600
0.55 50.01
600 600
0.03 0.05
600 600
0.01 0.06
600 600
21.44 600
16.63 600
27.20 600
10.00 8.98
0.02 0.02
0.01 0.03
0.00 0.02
0.01 0.02
1.37 0.09
2.94 0.06
600 600
600 600
0.02 0.02
0.02 0.04
0.02 0.02
0.02 0.01
13.56 600
16.80 600
600 600
600 600
0.02 0.01
0.02 0.00
0.02 0.04
0.02 0.04
0.02 0.40
0.03 0.41
1.36 49.36
1.46 43.11
0.02 0.85
0.03 0.71
0.04 0.62
0.02 0.44
0.03 0.02
0.02 0.02
0.03 0.01
0.01 0.02
0.03 0.08
0.02 0.03
0.03 0.19
0.34 0.17
0.04 0.14
0.03 0.09
0.85 21.57
0.78 16.13
1.20 8.32
1.02 8.10
0.15 3.01
0.99 3.81
0.02 0.01
0.02 0.02
0.13 0.14
0.02 0.06
0.08 0.24
0.07 16.03
0.10 0.02
600 600
600 600
0.01 0.00
0.02 0.02
600 600
600 600
0.01 0.02
0.04 0.04
0.33 0.40
0.02 0.02
0.00 0.02
0.90 0.08
0.03 0.02
0.01 0.01
0.08 0.34
0.04 0.02
600 600
0.01 0.01
0.01 0.02
0.01 0.02
0.61 1.72
0.62 1.73
600 0.72
2.13 0.83
196.81 155.14
209.67 155.05
0.05 0.08
0.04 0.06
0.02 0.04
600 600
0.02 0.02
0.02 0.03
0.02 0.01
0.01 0.01
600 600
600 600
1.50 1.46
0.02 0.03
1.81 1.32
1.83 1.31
600 600
600 600
0.25 0.34
0.25 0.34
600 39.71
600 600
600 600
600 600
600 600
72.75 208.75
9.35 25.80
600 600
600 600
600 105.30
600 600
600 600
600 600
600 600
600 600
600 600
600 600
600 84.86
600 600
600 118.97
600 600
3.14 3.33
600 178.43
2.37 3.54
600 600
3.20 4.31
600 600
2.21 6.25
600 600
600 600
600 600
600 600
600 600
600 600
600 600
600 123.55
0.17 0.23
0.48 0.61
0.21 0.30
0.05 0.06
0.06 0.05
0.06 0.08
0.04 0.06
0.06 0.07
0.04 0.06
0.06 0.09
0.05 0.05
600 600
0.08 0.10
600 600
600 40.78
600 600
0.27 0.58
600 600
600 600
600 600
600 600
600 600
600 600
600 600
600 600
115.32 5.23
1.76 1.16
600 600
0.44 42.54
600 600
67.24 63.83
600 600
600 600
600 600
600 600
0.24 0.20
600 600
600 600
600 600
600 600
144.69 2.51
600 600
0.02 0.04
0.05 1.32
0.15 0.13
1.85 0.30
2.42 4.28
0.12 0.08
1.45 0.33
0.06 0.04
0.06 0.07
0.06 0.06
600 600
600 600
0.04 0.05
0.04 0.03
600 600
600 600
600 600
600 600
600 600
600 600
600 600
600 600
600 600
600 600
600 600
600 600
85.81 91.98
600 600
0.03 0.09
0.04 0.05
0.05 0.04
0.04 0.03
0.04 0.04
0.04 0.04
0.04 0.04
0.05 0.04
0.03 0.04
0.03 0.03
0.06 0.04
0.04 0.04
600 600
600 294.49
600 287.01
600 600
600 600
0.13 25.68
0.04 0.05
0.07 0.07
0.07 0.06
0.04 0.04
600 43.48
0.03 0.04
0.04 0.05
0.04 0.04
0.04 0.04
0.04 0.05
0.05 0.04
0.04 0.05
0.04 0.06
0.05 0.07
0.07 0.54
0.06 0.06
0.09 0.08
0.05 0.04
0.15 0.08
600 600
0.06 0.05
79.34 600
0.06 0.03
0.06 0.05
0.04 0.05
0.06 0.06
0.06 0.06
2.79 0.86
0.06 0.09
0.06 0.07
0.50 4.89
0.51 4.77
275.37 600
281.32 600
0.02 0.01
0.01 0.02
0.02 0.02
0.02 0.02
0.05 0.10
600 600
600 600
600 274.30
600 600
600 600
0.03 0.02
600 600
600 600
600 600
600 600
600 600
600 600
600 600
0.03 0.02
0.02 0.02
24.42 0.65
600 10.90
0.03 0.02
5.86 0.63
600 600
0.02 0.02
0.03 0.02
18.84 16.78
600 600
247.59 9.80
0.01 0.02
0.44 1.43
0.48 1.12
0.03 0.03
1.19 3.30
0.03 0.02
0.02 0.02
2.75 0.35
600 600
0.01 0.02
600 600
600 600
0.23 0.20
600 600
0.06 0.04
0.04 0.04
0.03 0.04
0.03 0.05
0.09 0.12
0.04 0.04
5.83 0.23
600 600
600 600
600 600
0.03 0.04
600 600
0.03 0.02
0.03 0.04
0.06 0.07
0.02 0.04
600 292.23
100.20 600
600 600
0.01 0.02
4.20 0.04
0.02 0.02
600 600
0.07 0.07
600 600
13.24 28.52
0.06 0.06
24.10 0.14
61.38 600
600 600
221.73 600
600 600
600 600
600 600
206.53 600
600 600
600 600
600 600
600 600
600 600
90.81 296.93
17.30 24.01
0.12 0.14
0.14 0.18
600 600
600 600
600 600
600 600
103.77 0.12
600 600
0.08 0.09
600 600
600 600
600 600
0.10 0.12
104.74 0.14
600 600
600 600
600 600
600 600
600 600
600 600
600 600
600 600
600 600
600 600
600 600
600 600
600 600
600 600
600 600
0.12 0.14
600 600
0.15 0.16
600 600
600 600
600 600
0.62 0.80
5.56 12.95
225.68 600
600 600
600 600
600 600
600 600
0.23 0.19
600 600
600 600
600 600
100.20 218.94
600 600
600 2.36
600 600
600 600
600 600
600 600
600 600
600 600
600 600
97.50 150.60
600 600
600 600
0.27 0.30
0.30 0.32
600 600
600 600
600 600
600 600
600 600
600 600
600 600
600 600
600 600
0.37 0.40
600 600
600 600
600 600
41.41 105.65
600 600
0.04 0.42
600 600
0.02 0.01
0.48 0.30
600 600
600 600
600 600
600 600
600 600
600 600
600 600
600 600
600 600
600 600
600 600
0.34 0.37
600 600
600 600
600 600
600 600
600 600
600 600
600 600
600 600
600 600
600 600
600 600
600 600
600 600
600 600
600 600
600 600
600 600
600 600
1.46 1.53
1.41 1.46
600 600
600 600
600 600
600 600
600 600
600 600
600 600
600 600
600 600
7.58 8.66
600 600
2.24 2.35
2.04 2.18
600 600
37.66 88.26
41.82 95.96
600 600
600 600
600 600
600 600
600 600
600 600
600 600
600 600
600 600
5.51 600
600 600
2.58 2.98
600 600
600 600
600 600
5.87 7.86
3.44 3.91
600 600
137.79 600
600 600
600 600
600 600
600 600
600 600
600 600
600 600
600 600
177.62 158.28
600 600
600 600
600 600
600 600
4.94 5.40
600 600
600 600
13.56 8.31
600 600
600 600
600 600
246.59 600
600 600
219.13 600
600 600
600 600
600 600
11.18 18.99
600 600
600 600
600 600
600 600
600 600
600 600
600 600
600 600
600 600
600 600
600 600
600 600
600 600
600 600
600 600
600 600
600 600
600 600
5.93 6.12
600 600
600 600
600 600
600 600
600 600
600 600
600 600
600 600
2.08 2.15
600 600
600 600
600 600
600 600
600 600
600 600
600 600
600 600
600 600
600 600
600 600
37.16 42.59
600 600
600 600
600 600
600 600
600 600
600 600
600 600
600 600
600 600
600 600
600 600
600 600
600 600
0.02 0.01
0.02 0.03
0.02 0.02
0.02 0.03
0.02 0.03
0.03 0.04
0.02 0.00
0.04 0.02
0.02 0.08
0.04 0.08
2.68 600
2.44 600
2.43 600
2.36 600
3.60 600
600 600
9.69 19.72
4.30 600
600 600
600 600
3.28 600
600 600
47.56 600
600 600
2.16 600
3.17 600
600 600
2.75 1.87
600 600
0.03 0.09
600 600
0.03 0.08
1.11 11.86
0.03 0.07
0.86 10.36
600 600
0.14 0.60
600 600
600 600
600 600
0.04 0.07
60.68 600
0.83 10.40
0.04 0.08
0.03 0.07
0.04 0.08
0.04 0.08
0.04 0.08
0.03 0.08
0.04 0.08
0.06 0.11
0.04 0.08
0.04 0.07
1.98 1.36
0.03 0.07
0.64 8.70
0.04 0.08
0.05 0.08
0.04 0.10
0.03 0.08
0.04 0.08
0.04 0.08
0.03 0.07
0.04 0.08
0.05 0.10
600 600
0.02 0.09
0.03 0.07
0.04 0.07
0.04 0.08
0.04 0.09
0.04 0.08
0.04 0.08
0.04 0.08
0.03 0.07
600 600
600 600
600 600
0.71 12.76
7.09 600
8.58 600
6.29 600
6.22 600
5.95 600
4.20 14.97
4.05 600
600 600
600 600
600 600
600 600
600 600
0.04 0.08
0.04 0.09
0.04 0.09
600 600
600 600
600 600
237.58 600
600 600
600 600
3.70 600
600 600
600 600
600 600
600 600
0.04 0.08
600 600
0.03 0.07
600 600
0.04 0.07
600 600
1.66 600
0.03 0.07
600 600
0.03 0.06
600 600
0.04 0.08
0.03 0.08
0.49 1.81
0.51 1.82
0.38 0.71
0.37 0.70
0.39 0.71
0.36 0.72
0.75 1.67
0.74 1.70
0.75 1.68
0.76 1.70
0.75 1.66
0.74 1.68
0.04 0.08
0.04 0.07
0.03 0.06
0.04 0.07
0.04 0.08
0.04 0.08
0.21 1.32
0.21 1.32
5.50 46.21
0.05 0.54
1.22 3.12
0.60 1.91
60.76 600
0.12 0.59
1.24 3.16
0.58 1.89
600 14.44
600 14.66
0.72 1.36
0.73 1.37
0.42 1.31
0.15 0.66
7.38 600
0.18 6.13
0.18 0.70
0.22 0.70
0.18 2.18
0.17 0.70
0.21 0.69
0.61 600
0.18 5.74
0.22 0.68
0.21 0.69
0.22 0.68
0.22 0.69
0.23 0.69
1.09 5.91
39.15 2.98
0.22 0.68
0.21 0.70
0.23 0.68
0.22 0.69
0.21 0.68
0.20 1.36
0.36 1.88
0.45 1.36
0.46 1.34
0.16 1.92
0.15 1.95
0.84 2.20
0.86 2.80
0.86 2.80
0.18 1.92
1.12 5.45
0.88 3.63
0.15 600
0.16 600
0.72 600
0.72 600
0.59 3.58
1.06 6.75
0.18 5.48
1.06 6.88
1.06 6.74
0.16 5.38
0.18 0.68
0.18 0.66
0.17 0.69
0.18 0.67
0.18 0.67
0.17 0.66
0.18 0.67
0.17 0.67
0.16 0.68
0.16 0.68
7.81 22.93
0.14 0.67
0.15 0.69
0.14 0.68
0.14 0.67
0.17 0.68
0.14 0.68
0.14 0.68
0.14 0.68
0.15 0.66
0.15 0.67
0.16 0.67
0.03 0.01
0.04 0.08
0.04 0.01
0.02 0.02
0.09 0.12
0.03 0.03
0.14 0.38
600 600
0.03 0.03
2.61 2.88
0.02 0.04
0.04 0.17
3.74 0.78
0.19 0.68
38.26 11.62
600 600
600 600
600 600
600 600
0.02 0.02
0.06 0.18
0.02 0.02
0.03 0.02
0.02 0.02
0.02 0.02
0.03 0.02
2.04 0.67
87.28 45.77
0.02 0.02
600 600
600 19.04
0.02 0.02
16.12 10.29
0.02 0.01
600 600
0.01 0.04
0.02 0.03
0.29 1.08
0.02 0.02
0.31 1.00
600 174.15
0.02 0.03
0.12 0.26
600 600
0.03 0.04
0.06 0.06
0.06 0.15
0.01 0.03
0.02 0.01
0.03 0.02
0.01 0.00
0.02 0.01
0.10 0.10
2.02 5.74
2.28 26.12
600 600
0.17 0.46
600 600
600 600
600 600
177.97 600
73.92 17.26
73.70 17.54
53.00 20.18
73.80 16.66
74.62 600
600 600
600 600
600 600
71.30 600
248.60 600
600 600
600 600
600 600
600 600
600 600
600 600
600 600
600 600
600 600
600 600
600 600
600 600
600 600
600 600
600 102.07
600 114.49
600 600
600 28.38
600 30.38
600 600
600 0.97
600 0.90
600 0.96
600 1.01
600 0.90
0.02 0.03
0.02 0.02
600 600
600 600
600 600
600 600
600 600
600 600
600 600
600 600
600 600
600 600
25.94 152.29
600 600
600 600
600 600
600 600
0.52 0.52
600 600
600 600
600 600
0.06 0.07
600 600
600 600
600 600
600 600
600 600
0.08 0.07
600 600
0.08 0.08
600 600
0.25 0.23
0.10 0.19
600 600
0.06 0.05
29.90 600
600 600
600 600
0.33 0.34
0.09 0.09
0.33 0.35
600 600
600 600
0.07 0.06
600 600
0.04 0.04
600 600
600 600
600 600
0.11 0.12
600 600
600 600
600 600
600 600
600 600
600 600
600 600
600 600
0.32 0.34
600 600
600 600
600 600
46.15 600
600 600
600 600
600 600
600 600
600 600
0.38 0.40
0.01 0.04
0.08 1.25
0.02 0.01
0.02 0.02
12.14 600
0.10 0.14
0.08 0.16
0.02 0.13
0.02 0.03
0.09 0.05
600 6.73
0.10 0.08
0.19 10.22
2.09 230.49
600 600
14.46 600
0.03 12.10
1.10 8.23
600 600
600 600
0.06 0.10
0.04 600
0.03 0.09
58.87 0.38
0.02 10.63
0.02 7.58
600 600
0.16 600
4.68 22.56
4.72 21.51
600 600
600 600
0.08 600
0.18 600
600 50.67
4.26 600
4.09 600
3.33 198.42
0.16 22.94
0.22 0.09
3.26 600
2.78 600
0.34 0.22
0.34 0.21
0.36 0.14
108.45 600
47.90 600
0.06 0.61
3.34 4.36
0.42 28.43
0.34 41.99
31.63 600
600 600
600 600
1.70 600
32.15 600
600 3.38
600 4.80
600 0.82
600 600
600 600
600 600
600 600
600 600
600 600
600 600
600 600
0.14 13.94
600 600
600 600
600 600
600 600
0.18 1.23
0.03 0.09
2.89 600
0.07 2.24
600 0.67
46.57 7.28
600 10.61
84.65 600
2.07 0.16
2.72 0.27
244.19 600
600 600
0.39 7.02
600 600
0.15 19.61
0.46 8.86
0.44 8.32
0.46 8.00
0.48 8.01
236.79 600
227.35 600
600 13.92
600 12.92
600 1.54
600 1.56
600 1.38
600 600
173.31 600
1.69 3.53
1.68 3.39
0.04 0.13
600 600
600 600
9.83 78.09
0.17 40.91
4.65 8.19
4.64 2.16
3.34 2.05
0.13 0.32
0.40 9.52
600 600
0.17 600
0.49 0.23
0.48 0.23
0.48 0.25
0.49 0.26
0.49 0.24
0.48 0.24
0.63 0.20
0.63 0.20
0.63 0.20
0.64 0.19
0.66 0.16
0.67 0.18
11.91 600
15.12 600
0.52 0.25
0.50 0.25
0.51 0.26
0.50 0.26
0.50 0.24
0.49 0.24
0.51 0.24
0.51 0.24
0.49 0.24
0.50 0.24
0.49 0.27
0.50 0.26
0.14 2.81
0.21 2.97
0.29 600
0.30 600
600 600
1.67 600
111.81 99.53
140.78 112.42
231.77 600
139.93 113.15
189.24 600
191.88 112.90
193.17 600
160.81 111.80
236.71 600
155.33 126.25
1.60 28.99
1.52 37.16
2.06 39.01
1.58 30.07
0.14 4.34
23.96 156.44
21.98 190.09
13.44 600
0.06 0.07
0.45 0.43
4.54 102.15
38.18 600
0.42 26.64
3.53 103.05
2.85 110.96
0.04 1.44
145.47 48.39
600 53.36
0.03 0.02
0.02 0.02
0.02 0.02
600 600
600 600
600 600
