600 600
600 600
600 600
229.61 600
0.16 600
600 600
600 600
40.05 600
71.11 600
600 600
0.00 0.00
600 600
0.12 0.07
0.14 0.08
600 600
0.06 0.06
0.10 0.10
0.12 0.11
600 600
600 600
600 600
600 600
600 600
600 600
600 600
600 600
600 600
0.29 0.29
0.31 0.32
1.72 600
1.22 600
600 600
0.00 0.00
600 0.01
0.01 0.02
600 0.00
0.00 0.00
0.02 0.37
600 0.01
600 0.01
0.01 0.01
0.00 0.00
600 0.00
0.01 0.02
0.00 0.00
600 0.11
0.01 0.02
0.08 0.01
600 0.09
0.02 0.02
0.00 0.00
0.00 0.00
0.01 0.02
0.00 0.02
600 0.03
0.02 0.11
0.00 0.00
0.00 0.01
0.01 0.02
0.00 0.06
600 0.06
0.01 0.05
0.00 0.01
600 0.04
0.01 0.04
0.01 0.02
600 0.10
0.03 0.04
0.00 0.01
600 0.02
0.02 0.04
0.00 0.00
600 0.11
0.00 0.02
0.00 0.00
600 0.01
0.01 0.02
0.00 0.00
0.00 0.00
0.01 0.02
0.09 0.00
600 0.09
0.01 0.01
0.01 0.01
600 0.03
0.01 0.35
0.01 0.01
600 0.02
0.03 0.04
0.00 0.01
600 0.00
0.01 0.05
600 0.00
600 0.02
0.03 0.08
600 0.00
0.00 0.01
0.02 0.24
600 0.02
600 0.05
0.02 0.44
600 0.01
600 0.02
0.02 0.02
600 0.01
600 0.02
0.02 0.02
8.83 0.00
600 0.01
0.02 0.04
600 0.06
0.01 0.12
0.02 0.08
600 0.01
600 0.03
0.02 0.03
600 0.02
600 0.01
0.01 0.02
0.74 0.01
600 1.49
0.03 0.03
0.00 0.01
600 0.01
0.01 0.02
600 0.01
600 0.02
0.02 0.02
600 0.00
600 47.31
0.01 0.02
0.00 0.00
600 0.02
0.01 0.02
0.00 0.01
600 0.00
0.01 0.09
0.00 0.02
600 0.07
0.03 0.02
0.00 0.04
0.00 0.02
0.01 0.02
0.00 0.00
0.00 0.00
0.00 0.00
0.00 0.00
0.00 0.00
0.01 0.02
0.00 0.01
0.00 0.00
0.00 0.03
0.00 0.00
0.00 0.00
0.00 0.01
0.00 0.00
0.00 0.00
0.02 0.01
600 0.01
0.04 0.05
600 0.02
0.00 0.01
600 0.01
0.01 0.01
600 0.24
0.00 0.00
0.00 0.00
0.01 0.01
0.00 0.02
0.01 0.01
0.02 0.07
0.00 0.01
0.00 0.01
0.01 0.04
0.00 0.01
0.00 0.01
0.01 0.07
0.00 0.00
0.00 0.00
0.01 0.01
0.00 0.01
0.00 0.01
0.00 0.01
0.36 0.02
0.01 0.09
0.02 0.02
0.02 0.03
0.03 0.03
0.02 0.06
600 0.04
0.00 0.00
600 0.02
0.01 0.02
0.00 0.00
600 0.08
0.01 0.02
0.01 0.02
0.02 0.01
0.01 0.02
0.00 0.00
600 0.11
0.85 0.35
0.02 0.02
0.01 0.02
0.02 0.01
0.11 0.10
0.01 0.02
9.39 0.33
0.26 0.25
0.01 0.01
0.00 0.01
0.01 0.01
0.01 0.01
0.01 0.01
0.02 0.01
0.01 0.02
0.01 0.02
0.00 0.01
0.01 0.01
0.01 0.01
0.02 0.01
0.01 0.01
0.00 0.01
0.00 0.01
0.01 0.01
0.01 0.01
0.01 0.01
0.01 0.01
0.01 0.01
0.01 0.01
0.01 0.01
0.00 0.01
0.02 0.02
0.00 0.01
0.01 0.01
0.01 0.01
0.01 0.02
0.01 0.01
0.02 0.02
0.00 0.00
0.01 0.01
0.01 0.01
0.01 0.02
0.01 0.01
0.01 0.01
0.01 0.02
0.02 0.02
600 0.80
0.29 0.82
0.05 0.10
0.00 0.01
0.00 0.00
0.01 0.00
0.00 0.01
0.02 0.01
0.01 0.01
600 1.36
600 7.71
0.01 0.63
0.02 0.02
0.04 0.16
0.02 0.03
0.04 0.18
0.03 0.02
0.00 0.01
0.01 0.01
0.01 0.01
0.04 0.04
0.01 0.02
0.02 0.03
0.01 0.01
600 600
0.06 600
0.02 0.02
0.03 0.04
0.04 0.04
0.04 0.03
0.02 0.02
0.03 0.04
0.04 0.03
0.02 0.03
0.03 0.03
0.04 0.05
0.03 0.03
0.05 0.05
0.02 0.03
0.04 0.06
0.02 0.04
0.04 0.06
0.02 0.04
0.04 0.04
0.03 0.05
0.06 0.07
0.04 0.35
0.05 0.08
0.04 0.03
0.05 0.04
0.04 0.05
0.02 0.04
0.05 0.06
0.04 0.04
0.03 0.03
0.05 0.04
0.05 0.05
0.03 0.23
0.04 0.18
0.05 0.17
0.08 0.09
0.04 0.05
0.05 0.06
0.03 0.04
600 600
0.02 0.04
0.05 0.04
0.04 0.05
0.02 0.02
0.03 0.04
0.03 0.03
0.02 0.02
0.04 0.04
0.03 0.04
0.04 0.05
0.04 0.45
0.09 600
0.02 0.04
0.04 0.07
0.05 3.06
600 600
0.02 0.04
0.03 0.07
0.03 2.24
600 600
600 600
0.03 0.34
600 600
600 600
600 600
600 600
600 600
600 600
600 600
600 0.05
600 600
600 246.91
600 600
600 600
600 600
600 600
600 2.73
600 600
600 600
600 600
0.00 0.00
600 600
600 600
600 600
600 600
600 600
600 600
600 600
0.61 0.00
0.00 600
0.01 600
0.05 600
600 600
600 600
600 0.03
0.00 0.00
600 600
0.00 600
0.00 2.30
600 600
600 600
600 61.33
0.00 0.00
0.00 0.00
97.31 600
0.00 0.02
0.02 0.03
0.01 0.02
0.01 0.01
0.01 0.01
0.01 0.01
0.00 0.01
0.01 0.02
0.02 0.02
0.01 0.02
0.01 0.01
0.02 0.02
0.01 0.01
0.00 0.01
0.01 0.01
0.02 0.01
0.01 0.01
0.01 0.01
0.02 0.02
0.02 0.01
0.02 0.02
0.01 0.01
0.02 0.02
0.02 0.02
0.01 0.02
0.01 0.02
0.02 0.02
0.02 0.01
0.87 0.08
0.47 17.40
11.27 125.05
1.14 265.85
4.39 600
0.02 0.26
0.23 4.03
600 600
600 600
135.72 600
600 600
0.00 600
0.01 11.54
0.00 600
0.02 0.02
0.00 0.00
0.00 600
0.02 0.02
0.04 0.04
0.06 0.06
0.03 0.03
0.54 0.14
5.48 4.40
0.02 0.03
0.03 0.03
0.04 0.05
0.04 600
0.04 600
0.04 600
0.04 600
0.04 0.04
600 600
0.03 600
0.04 600
0.04 0.04
2.36 600
600 600
600 600
600 600
600 600
600 600
600 600
0.05 0.05
0.04 0.04
0.04 0.04
0.05 0.04
0.05 600
0.03 0.03
0.04 0.04
0.03 0.03
0.03 0.02
0.03 0.02
0.03 0.03
0.04 0.04
0.05 0.05
0.05 0.05
0.07 0.07
0.02 0.03
0.03 0.02
0.03 0.06
600 600
600 600
0.07 0.06
600 600
0.06 0.04
0.06 0.05
0.03 0.03
0.02 0.04
0.03 0.04
0.04 0.04
0.04 0.04
0.06 0.06
0.09 0.10
0.10 0.10
0.08 0.09
0.09 0.09
0.00 0.01
0.00 0.04
0.05 0.04
0.00 62.93
0.01 600
600 600
0.02 600
0.04 600
600 600
600 600
0.03 600
0.01 0.02
0.00 0.01
0.01 0.03
0.02 0.05
0.01 0.13
0.00 0.03
0.02 0.04
0.01 0.02
0.02 0.02
600 7.83
0.02 0.47
0.01 0.03
0.00 0.04
1.51 48.07
11.84 600
0.02 0.02
7.30 600
0.01 0.02
0.03 0.04
0.02 0.14
0.12 0.15
0.02 0.02
0.03 82.11
0.05 0.24
0.04 0.08
4.18 600
0.02 600
0.02 0.02
0.02 0.03
0.02 0.02
0.03 0.04
0.03 0.02
0.03 0.02
0.02 3.80
0.04 0.03
0.04 0.04
0.03 0.04
0.04 3.56
0.03 0.04
0.02 0.03
0.05 0.04
0.03 0.04
600 600
0.03 0.03
600 600
600 0.02
0.08 600
600 0.02
600 600
0.04 0.05
0.96 0.26
0.05 0.05
0.05 0.06
1.13 600
0.20 1.24
600 600
0.21 0.16
0.06 0.06
0.14 600
266.94 600
0.07 0.09
600 600
8.60 600
0.52 600
600 600
600 600
58.60 20.04
4.48 2.34
0.08 0.09
0.07 0.06
600 600
600 600
600 0.52
0.11 46.56
600 600
600 600
0.11 0.15
600 600
0.10 1.05
0.12 46.71
0.11 600
600 600
600 600
0.71 0.52
0.23 600
600 600
600 600
600 600
0.80 0.68
0.29 600
600 600
7.17 600
0.10 0.09
600 600
11.07 7.49
0.14 0.16
600 600
0.14 0.14
600 600
0.16 0.16
0.16 0.16
0.26 0.26
600 600
0.15 0.17
0.12 0.11
0.18 0.20
0.57 600
600 600
600 600
600 600
0.19 0.17
600 600
600 600
600 600
1.02 3.39
600 600
0.23 11.88
600 600
600 600
1.02 0.84
15.57 1.23
9.70 600
45.61 8.87
600 600
0.32 0.31
0.40 0.34
600 600
0.26 0.27
0.26 600
600 600
0.34 600
19.76 600
19.66 7.37
21.22 9.05
24.73 7.32
14.08 5.49
1.19 600
600 600
0.24 0.27
600 600
79.43 18.31
600 600
0.37 0.38
600 600
0.00 600
600 600
0.00 0.00
0.29 3.89
600 600
600 600
0.19 0.19
3.99 1.75
0.05 0.32
8.31 144.46
600 600
7.08 600
600 600
600 600
600 600
0.32 0.34
600 600
600 600
600 600
600 600
600 600
600 600
600 600
600 600
600 600
600 600
600 600
600 600
600 600
600 600
0.97 0.98
0.88 600
1.10 1.18
1.21 1.23
0.86 600
0.54 0.55
600 600
600 600
600 600
600 600
600 600
600 600
600 600
600 600
600 600
2.24 1.42
600 70.44
600 600
0.66 0.75
2.39 6.74
1.22 1.19
1.28 1.16
600 600
600 600
600 600
600 600
600 600
600 600
600 600
600 600
600 600
4.02 1.97
2.75 1.78
0.82 0.79
600 600
41.76 7.69
13.21 4.70
5.74 3.52
2.68 1.44
2.68 1.69
2.74 1.74
600 600
600 600
600 600
600 600
600 600
600 600
600 600
600 600
3.46 2.36
600 600
600 600
600 600
600 600
4.79 2.74
600 600
600 600
4.51 600
600 600
600 600
600 600
7.72 3.80
600 600
7.63 3.74
600 600
600 600
3.79 2.74
3.88 2.66
3.42 2.51
600 600
600 600
600 600
6.07 215.01
600 600
4.59 2.80
4.12 600
600 600
600 600
600 600
600 600
600 600
600 600
600 600
600 600
600 600
600 600
4.94 3.39
6.85 2.42
7.56 3.62
600 600
600 600
600 600
600 600
600 600
600 600
1.49 1.54
600 600
600 600
600 600
600 600
2.89 2.83
80.28 21.56
600 600
600 600
82.23 600
600 600
600 600
7.98 4.58
10.02 5.07
600 600
600 600
600 600
600 600
600 600
600 600
600 600
600 600
600 600
600 600
1.36 600
0.98 600
0.00 0.00
0.00 0.04
0.00 0.00
0.00 0.05
0.00 0.03
0.00 0.16
0.00 0.02
0.04 0.04
0.03 0.04
0.16 34.09
0.10 32.61
0.10 31.22
0.10 46.05
0.09 15.15
0.14 26.58
0.07 2.21
0.09 10.65
0.14 11.25
0.15 0.55
0.09 10.84
600 600
0.18 600
0.21 600
0.10 15.94
0.14 3.37
600 600
0.12 0.13
0.12 2.36
0.03 0.03
600 600
0.03 0.04
0.08 0.13
0.03 0.03
0.08 0.14
600 600
0.07 0.09
600 600
600 600
0.07 2.16
0.02 0.04
0.12 0.22
0.08 0.12
0.02 0.04
0.02 0.04
0.03 0.04
0.02 0.04
0.03 0.04
0.04 0.03
0.03 0.03
0.08 0.19
0.07 0.14
0.03 0.03
0.11 0.12
0.03 0.04
0.07 0.16
0.03 0.04
0.03 0.04
0.03 0.04
0.02 0.04
0.04 0.03
0.03 0.04
0.04 0.03
0.03 0.14
0.03 0.13
600 600
0.02 0.04
0.02 0.03
0.02 0.04
0.03 0.03
0.03 0.03
0.04 0.03
0.03 0.03
0.02 0.03
0.04 0.04
0.17 0.16
0.30 0.60
0.34 0.56
0.12 0.31
0.10 4.48
0.09 3.32
0.08 0.22
0.09 0.17
0.10 1.28
0.14 0.30
0.08 0.18
600 600
600 600
0.12 0.13
0.31 0.57
0.12 0.12
0.03 0.03
0.03 0.04
0.02 0.03
600 600
0.09 162.45
600 600
0.22 192.74
0.16 49.48
600 600
0.15 72.16
0.09 600
0.08 21.46
0.15 62.07
600 600
0.03 0.03
600 600
0.03 0.03
0.08 21.24
0.03 0.04
600 600
0.18 2.10
0.03 0.04
600 600
0.04 0.04
600 600
0.03 0.13
0.02 0.13
0.12 0.13
0.11 0.13
0.12 0.11
0.11 0.13
0.11 0.11
0.10 0.14
0.08 0.21
0.07 0.19
0.08 0.19
0.07 0.24
0.07 0.23
0.08 0.24
0.08 0.07
0.07 0.08
0.08 0.09
0.06 0.09
0.07 0.08
0.08 0.09
0.10 0.40
0.10 0.42
0.13 0.30
0.03 0.05
0.07 0.13
0.12 0.14
0.13 0.36
0.05 0.05
0.08 0.14
0.13 0.15
0.10 1.08
0.12 1.07
0.12 0.30
0.12 0.30
0.10 0.41
0.07 0.15
0.13 1.55
0.08 0.14
0.08 0.16
0.08 0.15
0.07 0.13
0.07 0.14
0.08 0.15
0.10 0.78
0.08 0.14
0.07 0.14
0.08 0.14
0.07 0.14
0.09 0.14
0.08 0.14
0.11 0.19
0.06 0.42
0.08 0.13
0.08 0.14
0.08 0.15
0.08 0.13
0.08 0.14
0.12 0.32
0.10 0.43
0.11 0.29
0.12 0.31
0.09 0.14
0.08 0.13
0.09 0.23
0.09 0.22
0.09 0.37
0.08 0.14
0.09 0.22
0.08 0.37
0.08 0.12
0.09 0.12
0.12 0.65
0.12 0.67
0.09 3.17
0.08 3.15
0.08 0.13
0.08 3.14
0.09 3.19
0.08 0.14
0.08 0.09
0.08 0.10
0.08 0.10
0.08 0.10
0.08 0.10
0.09 0.10
0.07 0.09
0.08 0.10
0.09 0.10
0.07 0.09
0.07 0.20
0.07 0.10
0.10 0.10
0.08 0.10
0.09 0.10
0.08 0.10
0.08 0.10
0.09 0.10
0.07 0.10
0.08 0.08
0.07 0.10
0.09 0.08
0.02 0.02
0.02 0.02
0.02 0.02
0.02 0.02
0.06 0.07
0.02 0.02
0.03 0.03
600 600
0.01 0.02
0.02 0.01
0.01 0.01
0.01 0.02
0.02 0.02
0.01 0.01
0.02 0.02
0.04 0.12
600 600
600 600
600 600
0.01 0.01
0.01 0.01
0.01 0.01
0.01 0.01
0.01 0.01
0.01 0.01
0.01 0.01
0.02 0.08
600 0.33
0.00 0.00
600 600
600 0.47
0.01 0.01
0.05 0.08
0.01 0.01
0.02 0.18
0.01 0.02
0.00 0.00
0.02 0.02
0.00 0.00
0.01 0.01
0.01 0.02
0.01 0.00
0.05 0.46
0.02 0.08
0.02 0.02
0.04 116.18
600 23.47
0.00 0.00
600 0.02
0.00 0.00
0.01 0.02
0.01 0.01
0.03 0.03
0.10 0.11
0.02 0.02
3.62 5.20
0.02 0.03
600 0.57
0.04 0.04
0.07 0.03
0.04 0.04
0.04 0.04
0.04 0.03
0.04 0.03
0.03 0.03
0.02 0.03
0.10 0.46
600 3.14
600 1.32
0.06 0.18
0.06 0.08
0.16 3.40
0.06 0.08
0.06 0.08
0.13 0.06
0.39 16.96
600 600
0.06 1.61
0.11 0.33
600 600
600 600
600 600
0.08 600
0.08 0.79
0.14 1.28
0.13 1.38
0.12 0.86
0.14 6.41
0.13 600
0.12 600
0.13 4.84
600 600
0.44 0.58
600 600
600 600
600 600
0.29 0.30
600 600
600 600
600 600
0.23 0.32
0.24 0.21
600 600
600 600
600 600
0.14 0.13
600 600
600 600
600 600
600 600
0.15 0.16
600 600
600 600
600 600
600 600
0.22 0.21
0.23 0.19
600 600
0.10 0.10
0.21 0.23
0.14 0.14
600 600
0.19 0.22
0.14 0.14
0.20 0.19
600 600
600 600
600 0.32
600 600
0.09 0.08
600 600
600 600
600 600
0.12 0.12
600 600
600 600
600 600
600 600
600 600
600 600
600 600
600 600
0.14 0.13
600 600
600 600
600 600
0.48 8.67
0.62 600
13.43 18.66
600 600
600 600
600 600
0.27 0.26
0.00 0.01
0.02 267.05
600 600
600 0.18
600 600
0.03 600
0.00 25.62
600 600
600 0.13
600 600
600 600
0.02 1.30
600 25.53
0.11 6.44
600 0.03
600 600
0.29 600
0.24 600
600 0.03
0.00 600
0.00 0.00
0.34 0.20
0.01 600
600 600
600 600
1.83 600
600 0.06
600 0.07
600 600
3.40 600
600 0.16
600 1.64
600 600
66.16 22.15
90.72 600
235.64 3.91
600 23.66
30.28 188.51
0.22 17.23
222.45 0.24
0.00 600
0.00 600
0.01 600
0.44 0.64
0.37 0.06
0.00 0.01
0.01 2.99
0.18 0.15
600 0.02
0.36 0.02
1.02 0.07
1.01 0.15
56.83 600
0.44 0.05
600 54.75
600 600
600 600
0.18 600
0.19 600
0.20 600
0.13 600
2.25 600
1.54 600
0.38 600
0.24 600
0.03 0.01
600 600
600 600
4.62 600
600 600
0.08 96.01
0.00 5.77
600 600
0.01 0.05
600 600
600 600
600 14.27
0.01 0.01
0.01 0.01
600 23.57
0.64 2.82
600 600
0.00 0.05
1.89 600
600 600
0.01 600
0.01 600
0.01 600
0.01 600
0.03 0.30
0.02 0.12
7.39 0.19
7.47 0.19
600 1.90
600 0.40
600 0.02
600 600
600 76.46
3.16 0.17
3.20 0.18
600 600
0.02 0.02
600 600
0.01 0.03
600 1.76
600 600
600 600
600 600
600 0.07
0.01 600
600 600
0.48 0.53
15.38 0.17
15.38 0.12
6.08 0.08
6.36 0.10
15.66 0.09
15.42 0.10
3.33 0.08
3.38 0.08
3.39 0.09
3.42 0.08
6.48 0.10
7.98 0.14
0.01 0.09
0.04 600
3.59 0.07
3.57 0.07
5.98 0.13
6.02 0.15
3.56 0.09
3.66 0.12
3.62 0.10
3.59 0.12
3.56 0.12
3.65 0.11
6.14 0.16
6.00 0.15
0.04 0.51
600 600
11.91 600
11.48 600
600 63.80
600 1.22
600 600
600 600
600 22.86
600 600
600 12.22
600 600
600 9.35
600 52.86
600 180.89
600 36.96
600 1.43
600 12.29
600 3.96
600 0.10
600 0.16
600 0.62
600 0.61
0.04 2.91
0.02 0.03
0.02 0.02
600 0.33
600 0.05
0.03 0.03
600 600
600 0.23
600 0.03
600 0.10
600 600
600 600
600 600
600 600
