600 600
600 600
600 600
229.61 600
0.16 600
600 600
600 600
40.05 600
71.11 600
600 600
0.00 0.00
600 600
0.12 0.08
0.14 0.07
600 600
0.06 0.06
0.10 0.11
0.12 0.12
600 600
600 600
600 600
600 600
600 600
600 600
600 600
600 600
600 600
0.29 0.30
0.31 0.32
1.72 600
1.22 600
600 600
0.00 600
600 600
0.01 0.01
600 600
0.00 600
0.02 600
600 600
600 600
0.01 0.02
0.00 600
600 600
0.01 0.01
0.00 600
600 600
0.01 600
0.08 600
600 600
0.02 0.01
0.00 600
0.00 600
0.01 600
0.00 600
600 600
0.02 0.12
0.00 600
0.00 600
0.01 0.01
0.00 600
600 600
0.01 600
0.00 600
600 600
0.01 600
0.01 600
600 600
0.03 0.04
0.00 600
600 600
0.02 600
0.00 600
600 600
0.00 600
0.00 600
600 600
0.01 0.02
0.00 600
0.00 600
0.01 600
0.09 600
600 600
0.01 0.02
0.01 600
600 600
0.01 600
0.01 600
600 600
0.03 600
0.00 600
600 600
0.01 600
600 600
600 600
0.03 600
600 600
0.00 600
0.02 0.25
600 600
600 600
0.02 600
600 600
600 600
0.02 0.02
600 600
600 600
0.02 0.02
8.83 600
600 600
0.02 0.03
600 600
0.01 600
0.02 0.08
600 600
600 600
0.02 0.04
600 600
600 600
0.01 0.02
0.74 600
600 600
0.03 0.03
0.00 600
600 600
0.01 0.02
600 600
600 600
0.02 0.02
600 600
600 600
0.01 0.03
0.00 600
600 600
0.01 0.02
0.00 600
600 600
0.01 0.10
0.00 600
600 600
0.03 0.03
0.00 600
0.00 600
0.01 0.01
0.00 0.00
0.00 0.00
0.00 0.01
0.00 0.00
0.00 0.00
0.01 600
0.00 600
0.00 0.00
0.00 600
0.00 0.00
0.00 0.01
0.00 0.01
0.00 0.00
0.00 0.01
0.02 0.01
600 0.01
0.04 600
600 600
0.00 600
600 600
0.01 0.00
600 600
0.00 0.00
0.00 0.00
0.01 0.01
0.00 600
0.01 600
0.02 600
0.00 600
0.00 600
0.01 600
0.00 600
0.00 600
0.01 600
0.00 0.00
0.00 0.00
0.01 0.01
0.00 0.01
0.00 0.00
0.00 0.01
0.36 0.02
0.01 600
0.02 0.01
0.02 0.03
0.03 0.02
0.02 0.06
600 600
0.00 600
600 600
0.01 600
0.00 600
600 600
0.01 600
0.01 600
0.02 0.02
0.01 0.02
0.00 0.00
600 0.11
0.85 600
0.02 0.02
0.01 600
0.02 0.01
0.11 600
0.01 0.01
9.39 600
0.26 0.28
0.01 0.01
0.00 0.01
0.01 0.01
0.01 0.01
0.01 0.01
0.02 0.01
0.01 0.02
0.01 0.02
0.00 0.01
0.01 0.01
0.01 0.00
0.02 0.01
0.01 0.00
0.00 0.01
0.00 0.00
0.01 0.01
0.01 0.01
0.01 0.01
0.01 0.01
0.01 0.02
0.01 0.00
0.01 0.00
0.00 0.01
0.02 0.01
0.00 0.00
0.01 0.01
0.01 0.01
0.01 0.02
0.01 0.01
0.02 0.01
0.00 0.01
0.01 0.01
0.01 0.01
0.01 0.01
0.01 0.00
0.01 0.01
0.01 0.02
0.02 0.02
600 0.82
0.29 0.78
0.05 0.09
0.00 0.00
0.00 0.01
0.01 0.00
0.00 0.01
0.02 0.01
0.01 0.02
600 1.30
600 7.51
0.01 0.61
0.02 0.02
0.04 0.14
0.02 0.03
0.04 0.17
0.03 0.03
0.00 0.00
0.01 0.01
0.01 0.01
0.04 0.04
0.01 0.02
0.02 0.03
0.01 0.02
0.06 1.20
600 600
600 600
600 600
600 600
1.71 0.71
600 600
600 600
2.00 0.62
600 600
600 600
600 600
600 600
7.88 0.23
600 1.36
0.16 0.14
600 600
600 600
0.88 22.71
600 600
600 600
600 600
600 600
600 600
600 70.20
0.09 0.09
600 600
4.20 0.32
600 600
2.86 0.79
600 600
600 600
0.29 1.14
0.25 0.22
600 600
600 600
0.42 0.18
600 600
600 600
600 600
600 1.11
600 600
0.06 600
0.02 0.02
0.03 0.03
0.04 0.04
0.04 0.04
0.02 0.02
0.03 0.03
0.04 0.03
0.02 0.02
0.03 0.04
0.04 0.05
0.03 0.04
0.05 0.05
0.02 0.04
0.04 0.04
0.02 0.04
0.04 0.06
0.02 0.04
0.04 0.06
0.03 0.06
0.06 0.07
0.04 0.34
0.05 0.07
0.04 0.04
0.05 0.05
0.04 0.04
0.02 0.03
0.05 0.05
0.04 0.04
0.03 0.03
0.05 0.06
0.05 0.05
0.03 0.21
0.04 0.19
0.05 0.17
0.08 0.09
0.04 0.06
0.05 0.06
0.03 0.04
600 600
0.02 0.02
0.05 0.04
0.04 0.04
0.02 0.02
0.03 0.03
0.03 0.04
0.02 0.02
0.04 0.03
0.03 0.04
0.04 0.06
0.04 0.44
0.09 600
0.02 0.05
0.04 0.06
0.05 3.09
600 600
0.02 0.03
0.03 0.06
0.03 2.29
600 600
600 600
0.03 0.33
600 600
600 600
600 600
600 600
600 600
600 600
600 600
600 600
600 288.86
600 600
600 600
600 600
600 600
600 600
600 600
600 600
600 600
600 600
0.00 0.00
600 600
600 600
600 600
600 600
600 600
600 600
600 600
0.61 0.00
0.00 600
0.01 600
0.05 600
600 600
600 600
600 0.02
0.00 0.00
600 600
0.00 600
0.00 2.28
600 600
600 600
600 600
0.00 600
0.00 0.00
97.31 600
0.00 0.01
0.02 0.04
0.01 0.02
0.01 0.00
0.01 0.01
0.01 0.00
0.00 0.01
0.01 0.01
0.02 0.01
0.01 0.02
0.01 0.01
0.02 0.02
0.01 0.01
0.00 0.01
0.01 0.01
0.02 0.02
0.01 0.00
0.01 0.01
0.02 0.02
0.02 0.01
0.02 0.01
0.01 0.01
0.02 0.01
0.02 0.02
0.01 0.01
0.01 0.02
0.02 0.01
0.02 0.00
0.87 0.10
0.47 17.18
11.27 124.57
1.14 253.60
4.39 600
0.02 0.26
0.23 4.08
600 600
600 600
135.72 600
600 600
0.00 600
0.01 600
0.00 600
0.02 600
0.00 0.00
0.00 600
0.02 600
0.04 0.04
0.06 0.05
0.03 0.04
0.54 0.14
5.48 4.23
0.02 0.03
0.03 0.03
0.04 0.05
0.04 600
0.04 600
0.04 600
0.04 600
0.04 0.04
600 600
0.03 600
0.04 600
0.04 0.04
2.36 600
600 600
600 600
600 600
600 600
600 600
600 600
0.05 0.05
0.04 0.04
0.04 0.04
0.05 0.05
0.05 600
0.03 0.03
0.04 0.04
0.03 0.03
0.03 0.02
0.03 0.02
0.03 0.03
0.04 0.05
0.05 0.06
0.05 0.05
0.07 0.06
0.02 0.03
0.03 0.03
0.03 0.05
600 600
600 600
0.07 0.06
600 600
0.06 0.05
0.06 0.06
0.03 0.03
0.02 0.02
0.03 0.04
0.04 0.04
0.04 0.04
0.06 0.06
0.09 0.08
0.10 0.09
0.08 0.08
0.09 0.09
0.00 600
0.00 600
0.05 0.04
0.00 600
0.01 600
600 600
0.02 600
0.04 600
600 600
600 600
0.03 600
0.01 600
0.00 600
0.01 600
0.02 600
0.01 600
0.00 600
0.02 0.05
0.01 0.02
0.02 0.02
600 600
0.02 0.46
0.01 0.04
0.00 600
1.51 49.63
11.84 600
0.02 0.02
7.30 600
0.01 0.02
0.03 0.04
0.02 0.14
0.12 600
0.02 0.03
0.03 600
0.05 0.27
0.04 0.08
4.18 600
0.02 600
0.02 0.03
0.02 0.03
0.02 0.03
0.03 0.03
0.03 0.03
0.03 0.03
0.02 3.95
0.04 0.04
0.04 0.05
0.03 0.04
0.04 4.11
0.03 0.04
0.02 0.03
0.05 0.05
0.03 0.04
600 600
0.03 0.03
600 600
600 600
0.08 600
600 600
600 600
0.04 0.05
0.96 0.27
0.05 0.05
0.05 0.06
1.13 600
0.20 1.22
600 600
0.21 0.17
0.06 0.05
0.14 600
266.94 600
0.07 0.08
600 600
8.60 600
0.52 600
600 600
600 600
58.60 19.25
4.48 2.29
0.08 0.10
0.07 0.07
600 600
600 600
600 0.55
0.11 47.15
600 600
600 600
0.11 0.15
600 600
0.10 0.97
0.12 47.00
0.11 600
600 600
600 600
0.71 0.54
0.23 600
600 600
600 600
600 600
0.80 0.66
0.29 600
600 600
7.17 600
0.10 0.08
600 600
11.07 8.14
0.14 0.16
600 600
0.14 0.14
600 600
0.16 0.16
0.16 0.16
0.26 0.25
600 600
0.15 0.18
0.12 0.10
0.18 0.19
0.57 600
600 600
600 600
600 600
0.19 0.18
600 600
600 600
600 600
1.02 3.41
600 600
0.23 10.46
600 600
600 600
1.02 0.75
15.57 1.18
9.70 600
45.61 8.64
600 600
0.32 0.28
0.40 0.37
600 600
0.26 0.24
0.26 600
600 600
0.34 600
19.76 600
19.66 7.17
21.22 9.22
24.73 6.91
14.08 5.10
1.19 600
600 600
0.24 0.25
600 600
79.43 18.20
600 600
0.37 0.36
600 600
0.00 600
600 600
0.00 0.00
0.29 3.40
600 600
600 600
0.19 0.20
3.99 1.70
0.05 0.30
8.31 142.44
600 600
7.08 600
600 600
600 600
600 600
0.32 0.33
600 600
600 600
600 600
600 600
600 600
600 600
600 600
600 600
600 600
600 600
600 600
600 600
600 600
600 600
0.97 1.00
0.88 600
1.10 1.10
1.21 1.19
0.86 600
0.54 0.54
600 600
600 600
600 600
600 600
600 600
600 600
600 600
600 600
600 600
2.24 1.42
600 67.26
600 600
0.66 0.70
2.39 6.69
1.22 1.11
1.28 1.15
600 600
600 600
600 600
600 600
600 600
600 600
600 600
600 600
600 600
4.02 1.95
2.75 1.74
0.82 0.85
600 600
41.76 7.60
13.21 4.78
5.74 3.35
2.68 1.43
2.68 1.78
2.74 1.78
600 600
600 600
600 600
600 600
600 600
600 600
600 600
600 600
3.46 2.44
600 600
600 600
600 600
600 600
4.79 2.73
600 600
600 600
4.51 600
600 600
600 600
600 600
7.72 3.70
600 600
7.63 3.69
600 600
600 600
3.79 2.76
3.88 2.66
3.42 2.47
600 600
600 600
600 600
6.07 201.83
600 600
4.59 2.66
4.12 600
600 600
600 600
600 600
600 600
600 600
600 600
600 600
600 600
600 600
600 600
4.94 3.29
6.85 2.41
7.56 3.58
600 600
600 600
600 600
600 600
600 600
600 600
1.49 1.56
600 600
600 600
600 600
600 600
2.89 2.82
80.28 21.90
600 600
600 600
82.23 600
600 600
600 600
7.98 4.72
10.02 4.99
600 600
600 600
600 600
600 600
600 600
600 600
600 600
600 600
600 600
600 600
1.36 600
0.98 600
0.00 0.00
0.00 0.04
0.00 0.00
0.00 600
0.00 600
0.00 600
0.00 600
0.04 0.04
0.03 0.04
0.16 36.11
0.10 30.70
0.10 30.55
0.10 46.05
0.09 15.78
0.14 21.91
0.07 2.22
0.09 11.23
0.14 11.36
0.15 0.58
0.09 11.99
600 600
0.18 600
0.21 600
0.10 14.70
0.14 3.30
600 600
0.12 0.14
0.12 2.32
0.03 0.04
600 600
0.03 0.04
0.08 0.14
0.03 0.03
0.08 0.12
600 600
0.07 0.10
600 600
600 600
0.07 1.97
0.02 0.03
0.12 0.23
0.08 0.12
0.02 0.03
0.02 0.03
0.03 0.04
0.02 0.04
0.03 0.04
0.04 0.04
0.03 0.04
0.08 0.19
0.07 0.12
0.03 0.04
0.11 0.15
0.03 0.04
0.07 0.15
0.03 0.04
0.03 0.04
0.03 0.03
0.02 0.03
0.04 0.03
0.03 0.03
0.04 0.03
0.03 0.12
0.03 0.13
600 600
0.02 0.03
0.02 0.04
0.02 0.04
0.03 0.04
0.03 0.04
0.04 0.03
0.03 0.03
0.02 0.04
0.04 0.04
0.17 0.14
0.30 0.59
0.34 0.59
0.12 600
0.10 4.55
0.09 3.31
0.08 0.22
0.09 0.19
0.10 1.23
0.14 0.30
0.08 0.17
600 600
600 600
0.12 0.14
0.31 0.58
0.12 0.12
0.03 0.03
0.03 0.03
0.02 0.04
600 600
0.09 166.27
600 600
0.22 185.79
0.16 48.68
600 600
0.15 76.72
0.09 600
0.08 21.58
0.15 61.49
600 600
0.03 0.04
600 600
0.03 0.04
0.08 20.67
0.03 0.04
600 600
0.18 2.13
0.03 0.03
600 600
0.04 0.03
600 600
0.03 0.12
0.02 0.14
0.12 0.13
0.11 0.13
0.12 0.12
0.11 0.14
0.11 0.12
0.10 0.13
0.08 0.20
0.07 0.19
0.08 0.19
0.07 0.25
0.07 0.26
0.08 0.25
0.08 0.09
0.07 0.09
0.08 0.09
0.06 0.08
0.07 0.09
0.08 0.09
0.10 600
0.10 600
0.13 0.28
0.03 0.05
0.07 0.12
0.12 0.14
0.13 0.36
0.05 0.06
0.08 0.13
0.13 0.15
0.10 1.03
0.12 1.08
0.12 600
0.12 600
0.10 600
0.07 0.15
0.13 1.55
0.08 0.15
0.08 0.16
0.08 0.16
0.07 0.14
0.07 0.15
0.08 0.15
0.10 0.79
0.08 0.13
0.07 0.16
0.08 0.14
0.07 0.14
0.09 0.13
0.08 0.14
0.11 0.20
0.06 0.42
0.08 0.13
0.08 0.14
0.08 0.12
0.08 0.13
0.08 0.15
0.12 0.33
0.10 600
0.11 600
0.12 600
0.09 0.13
0.08 0.14
0.09 0.22
0.09 0.21
0.09 0.37
0.08 0.14
0.09 0.22
0.08 0.37
0.08 0.14
0.09 0.12
0.12 0.66
0.12 0.65
0.09 600
0.08 600
0.08 0.14
0.08 600
0.09 600
0.08 0.15
0.08 0.10
0.08 0.10
0.08 0.08
0.08 0.10
0.08 0.09
0.09 0.09
0.07 0.09
0.08 0.09
0.09 0.09
0.07 0.08
0.07 0.19
0.07 0.10
0.10 0.11
0.08 0.11
0.09 0.10
0.08 0.10
0.08 0.10
0.09 0.10
0.07 0.10
0.08 0.08
0.07 0.09
0.09 0.10
0.02 0.02
0.02 0.03
0.02 0.02
0.02 0.02
0.06 0.07
0.02 0.02
0.03 0.03
600 600
0.01 0.02
0.02 0.02
0.01 0.00
0.01 0.01
0.02 0.02
0.01 0.02
0.02 0.02
0.04 0.12
600 600
600 600
600 600
0.01 0.01
0.01 0.02
0.01 0.00
0.01 0.00
0.01 0.01
0.01 0.01
0.01 0.01
0.02 0.09
600 0.34
0.00 0.00
600 600
600 0.49
0.01 0.01
0.05 0.09
0.01 0.02
0.02 0.18
0.01 600
0.00 0.00
0.02 0.01
0.00 0.00
0.01 0.01
0.01 0.02
0.01 0.01
0.05 0.48
0.02 0.07
0.02 0.03
0.04 113.92
600 600
0.00 0.00
600 600
0.00 0.00
0.01 600
0.01 0.01
0.03 0.02
0.10 0.10
0.02 0.02
3.62 5.65
0.02 0.02
600 0.58
0.04 0.03
0.07 0.04
0.04 0.04
0.04 0.03
0.04 0.02
0.04 0.03
0.03 0.03
0.02 0.03
0.10 0.46
600 3.05
600 1.34
0.06 0.17
0.06 0.09
0.16 3.35
0.06 0.08
0.06 0.07
0.13 0.07
0.39 17.17
600 600
0.06 1.58
0.11 0.32
600 600
600 600
600 600
0.08 600
0.08 0.84
0.14 1.23
0.13 1.32
0.12 0.86
0.14 6.46
0.13 600
0.12 600
0.13 4.81
600 600
0.44 0.59
600 600
600 600
600 600
0.29 0.30
600 600
600 600
600 600
0.23 0.30
0.24 0.23
600 600
600 600
600 600
0.14 0.14
600 600
600 600
600 600
600 600
0.15 0.16
600 600
600 600
600 600
600 600
0.22 0.21
0.23 0.20
600 600
0.10 0.08
0.21 0.22
0.14 0.15
600 600
0.19 0.21
0.14 0.14
0.20 0.20
600 600
600 600
600 600
600 600
0.09 0.10
600 600
600 600
600 600
0.12 0.13
600 600
600 600
600 600
600 600
600 600
600 600
600 600
600 600
0.14 0.12
600 600
600 600
600 600
0.48 8.57
0.62 600
13.43 18.67
600 600
600 600
600 600
0.27 0.28
0.00 600
0.02 600
600 600
600 600
600 600
0.03 600
0.00 600
600 600
600 600
600 600
600 600
0.02 600
600 25.55
0.11 600
600 600
600 600
0.29 600
0.24 600
600 600
0.00 600
0.00 0.01
0.34 0.21
0.01 600
600 600
600 600
1.83 600
600 600
600 600
600 600
3.40 600
600 600
600 600
600 600
66.16 22.33
90.72 600
235.64 3.94
600 600
30.28 600
0.22 600
222.45 600
0.00 600
0.00 600
0.01 600
0.44 0.66
0.37 0.05
0.00 0.00
0.01 600
0.18 600
600 600
0.36 600
1.02 0.08
1.01 0.15
56.83 600
0.44 0.04
600 600
600 600
600 600
0.18 600
0.19 600
0.20 600
0.13 600
2.25 600
1.54 600
0.38 600
0.24 600
0.03 0.00
600 600
600 600
4.62 600
600 600
0.08 96.42
0.00 5.77
600 600
0.01 0.05
600 600
600 600
600 14.39
0.01 0.01
0.01 0.01
600 600
0.64 2.80
600 600
0.00 600
1.89 600
600 600
0.01 600
0.01 600
0.01 600
0.01 600
0.03 0.29
0.02 0.12
7.39 0.20
7.47 0.20
600 600
600 600
600 0.02
600 600
600 75.77
3.16 0.18
3.20 0.17
600 600
0.02 0.01
600 600
0.01 0.03
600 600
600 600
600 600
600 600
600 0.08
0.01 600
600 600
0.48 0.54
15.38 600
15.38 600
6.08 600
6.36 600
15.66 600
15.42 600
3.33 600
3.38 600
3.39 600
3.42 600
6.48 600
7.98 600
0.01 0.09
0.04 600
3.59 600
3.57 600
5.98 600
6.02 600
3.56 600
3.66 600
3.62 600
3.59 600
3.56 600
3.65 600
6.14 600
6.00 600
0.04 0.51
600 600
11.91 600
11.48 600
600 600
600 600
600 600
600 600
600 22.42
600 600
600 12.40
600 600
600 9.34
600 52.99
600 183.02
600 36.16
600 600
600 600
600 600
600 600
600 600
600 0.62
600 0.63
0.04 2.88
0.02 0.03
0.02 0.02
600 600
600 0.05
0.03 0.03
600 600
600 600
600 0.03
600 0.10
600 600
600 600
600 600
600 600
