0.00 0.00
600 600
0.29 0.28
0.30 0.31
1.84 2.06
1.19 1.39
600 600
0.00 0.00
0.01 0.00
0.01 0.01
0.00 0.00
0.00 0.00
0.02 0.00
0.01 0.00
0.00 0.00
0.02 0.02
0.00 0.00
0.01 0.00
0.01 0.01
0.00 0.00
0.01 0.00
0.01 0.00
0.09 0.00
0.01 0.00
0.01 0.02
0.00 0.00
0.00 0.00
0.01 0.01
0.00 0.00
0.03 0.00
0.01 0.02
0.00 0.00
0.00 0.00
0.01 0.01
0.00 0.00
0.00 0.01
0.01 0.02
0.00 0.00
0.02 0.01
0.01 0.01
0.02 0.00
0.02 0.01
0.03 0.01
0.00 0.00
0.01 0.00
0.02 0.01
0.00 0.00
0.01 0.00
0.01 0.00
0.00 0.00
0.01 0.00
0.01 0.00
0.00 0.00
0.00 0.00
0.01 0.01
0.09 0.00
0.02 0.00
0.02 0.02
0.00 0.00
0.03 0.01
0.02 0.01
0.01 0.00
0.01 0.00
0.02 0.02
0.00 0.00
0.01 0.00
0.02 0.01
0.01 0.00
0.01 0.00
0.02 0.02
0.02 0.00
0.01 0.01
0.02 0.02
0.00 0.00
0.01 0.00
0.03 0.02
0.10 0.00
0.01 0.00
0.02 0.01
0.08 0.00
0.00 0.00
0.02 0.01
8.92 0.00
0.00 0.00
0.02 0.02
0.39 0.01
0.00 0.00
0.02 0.02
0.12 0.01
0.01 0.00
0.02 0.01
0.06 0.00
0.00 0.00
0.02 0.02
0.73 0.00
0.00 0.00
0.04 0.02
0.00 0.00
0.01 0.00
0.01 0.01
0.01 0.00
0.00 0.00
0.02 0.01
0.00 0.00
0.02 0.01
0.01 0.01
0.00 0.00
0.00 0.00
0.01 0.01
0.00 0.00
0.01 0.00
0.00 0.01
0.00 0.00
0.01 0.00
0.02 0.01
0.00 0.00
0.00 0.00
0.01 0.00
0.00 0.00
0.00 0.00
0.00 0.00
0.00 0.00
0.00 0.00
0.01 0.01
0.00 0.00
0.00 0.00
0.00 0.01
0.00 0.00
0.00 0.00
0.00 0.01
0.00 0.00
0.00 0.00
0.02 0.00
0.01 0.00
0.04 0.00
0.01 0.01
0.01 0.00
0.01 0.00
0.01 0.01
0.04 0.04
0.00 0.00
0.00 0.00
0.01 0.00
0.01 0.00
0.01 0.00
0.02 0.00
0.00 0.00
0.00 0.00
0.00 0.01
0.00 0.00
0.00 0.00
0.01 0.01
0.00 0.00
0.00 0.00
0.00 0.01
0.00 0.00
0.00 0.00
0.01 0.01
0.36 0.00
0.01 0.01
0.02 0.00
0.03 0.00
0.03 0.00
0.01 0.01
0.02 0.02
0.00 0.00
0.01 0.00
0.01 0.02
0.00 0.00
0.03 0.00
0.00 0.02
0.01 0.01
0.02 0.01
0.01 0.01
0.00 0.00
600 600
0.82 0.02
0.02 0.01
0.02 0.01
0.01 0.01
0.11 0.02
0.01 0.02
9.33 0.02
0.26 0.31
0.00 0.01
0.01 0.01
0.00 0.01
0.01 0.00
0.01 0.01
0.01 0.02
0.01 0.02
0.01 0.01
0.01 0.00
0.01 0.01
0.01 0.01
0.02 0.01
0.01 0.01
0.01 0.01
0.01 0.01
0.01 0.02
0.01 0.01
0.01 0.00
0.01 0.01
0.02 0.01
0.01 0.01
0.01 0.01
0.00 0.02
0.02 0.02
0.01 0.00
0.01 0.01
0.00 0.00
0.01 0.01
0.01 0.01
0.01 0.01
0.01 0.01
0.01 0.01
0.01 0.01
0.02 0.02
0.00 0.01
0.00 0.01
0.01 0.02
0.02 0.02
600 600
0.29 0.01
0.05 0.24
0.01 0.00
0.01 0.01
0.01 0.01
0.00 0.01
0.02 0.02
0.01 0.01
600 600
600 600
0.02 600
0.02 0.01
0.04 600
0.02 0.03
0.04 600
0.03 0.03
0.01 0.01
0.01 0.01
0.02 0.02
0.04 0.05
0.01 0.01
0.02 0.03
0.02 0.02
0.05 0.05
600 0.04
600 1.40
600 0.24
600 0.11
1.70 0.06
600 0.20
600 0.20
2.00 0.84
600 0.06
600 9.98
600 8.58
600 2.97
8.12 0.22
600 2.22
0.15 0.15
600 0.20
600 0.10
0.87 0.10
600 0.78
600 0.76
600 1.81
600 1.27
600 0.76
600 0.44
0.11 0.10
600 0.24
4.45 0.26
600 0.29
3.10 0.81
600 11.26
600 2.38
0.28 0.90
0.26 0.21
600 1.87
600 9.24
0.44 0.17
600 2.99
600 0.44
600 21.56
600 0.11
600 600
0.06 600
600 600
0.00 0.00
0.00 0.01
600 0.00
600 0.00
600 0.01
0.01 0.05
0.00 0.00
97.44 600
600 600
600 600
600 600
0.00 600
0.01 600
0.00 600
0.02 600
0.01 0.00
0.00 600
0.02 600
0.00 0.00
0.02 0.02
0.00 1.57
1.37 0.01
600 0.00
1.02 0.09
0.06 0.03
0.03 0.00
600 0.00
0.12 0.00
600 0.08
600 600
0.31 0.01
0.22 0.13
600 0.01
0.00 0.01
0.00 0.00
0.35 0.01
0.01 0.00
600 0.10
600 600
1.82 0.00
0.25 0.01
0.25 0.01
600 600
3.48 0.00
600 0.92
600 0.54
600 600
63.10 0.00
90.23 0.01
243.16 0.00
0.01 0.00
31.38 0.00
0.22 0.01
221.06 0.01
0.00 0.00
0.00 0.00
0.01 0.08
0.42 0.00
0.36 0.01
0.00 0.00
0.01 0.00
0.19 0.02
0.16 0.00
0.37 0.00
1.06 0.00
1.06 0.01
62.03 600
0.44 0.00
600 0.02
600 0.01
0.38 0.03
0.18 0.01
0.20 0.02
0.20 0.02
0.13 0.01
2.28 0.01
1.66 0.01
0.38 0.02
0.25 0.02
0.03 0.00
600 600
600 600
4.86 0.01
600 600
0.09 0.00
0.00 0.01
600 0.01
0.00 0.01
600 0.01
0.81 0.06
600 0.01
0.01 0.00
0.01 0.01
600 0.01
0.63 0.00
600 0.00
0.01 0.01
1.90 0.01
0.05 63.99
0.01 600
0.01 600
0.01 600
0.01 600
0.02 0.01
0.02 0.01
7.74 0.02
7.42 0.02
600 0.01
600 0.01
600 0.01
600 600
600 600
3.20 0.00
3.21 0.00
0.70 1.53
0.01 0.00
600 600
0.01 0.03
0.03 0.01
600 600
600 600
600 600
600 0.02
0.01 600
600 600
0.54 0.01
15.71 0.01
15.64 0.01
6.32 0.01
6.01 0.01
15.68 0.01
15.31 0.01
3.40 0.02
3.47 0.02
3.56 0.01
3.33 0.02
6.69 0.00
8.07 0.01
0.01 0.00
0.04 0.02
3.76 0.02
3.77 0.00
5.90 0.01
6.38 0.01
3.67 0.02
3.49 0.02
3.77 0.01
3.83 0.01
3.54 0.01
3.57 0.02
6.18 0.02
6.26 0.02
0.04 0.01
600 600
13.22 0.04
11.48 0.03
0.04 600
600 600
600 0.02
600 0.02
600 0.02
600 0.02
600 0.02
600 0.02
600 0.02
600 0.02
600 0.01
600 0.02
262.42 600
600 0.08
37.42 600
203.78 0.08
0.04 0.05
600 1.17
600 1.19
0.04 0.00
0.02 0.03
0.02 0.06
600 600
0.08 0.02
0.02 0.02
600 600
600 600
0.03 0.02
600 0.11
0.04 0.03
