600 600
600 600
600 600
600 600
600 600
600 600
600 600
0.44 600
600 600
600 600
0.02 0.02
600 600
600 0.05
600 0.05
0.06 0.11
0.04 0.04
0.04 0.03
0.04 0.05
0.08 0.08
0.22 0.30
1.08 6.82
600 600
600 600
600 600
600 600
600 600
600 600
0.52 0.51
600 600
600 600
600 600
600 600
0.01 0.02
0.02 0.02
0.01 0.03
0.01 0.02
0.02 0.01
0.02 0.03
0.01 0.02
0.01 0.02
0.02 0.03
0.02 0.02
0.02 0.02
0.02 0.04
0.01 0.07
0.02 0.03
0.02 600
0.01 0.02
0.01 0.02
0.03 0.02
0.02 0.02
0.02 0.01
0.01 0.04
0.01 0.03
0.02 0.03
0.02 0.09
0.01 0.02
0.01 0.01
0.01 0.04
0.00 0.02
0.02 0.02
0.01 600
0.00 0.03
0.04 0.03
0.02 600
0.01 0.03
0.03 0.04
0.03 1.12
0.02 0.02
0.03 0.04
0.03 0.05
0.00 0.06
0.02 0.02
0.02 600
0.00 0.02
0.02 0.01
0.02 0.04
0.01 0.02
0.00 0.01
0.01 600
0.01 0.01
0.02 0.02
0.01 0.03
0.01 0.02
0.02 0.04
0.02 0.06
0.01 0.05
0.03 0.07
0.03 600
0.01 0.02
0.03 0.02
0.01 600
0.02 0.04
0.03 0.04
0.06 600
0.02 0.03
0.03 0.05
0.02 4.00
0.01 0.04
0.02 0.03
0.08 6.03
0.02 0.05
0.02 0.04
0.02 0.54
0.02 0.05
0.02 0.04
0.04 1.89
0.02 600
0.03 0.48
0.04 600
0.02 600
0.03 0.04
0.02 10.14
0.02 0.02
0.03 0.02
0.02 0.03
0.02 0.02
0.04 0.02
0.02 0.04
0.06 0.07
0.04 0.09
0.03 600
0.02 0.02
0.02 0.02
0.02 0.02
0.01 0.02
0.02 0.02
0.02 0.03
0.02 0.01
0.03 0.03
0.02 0.02
0.01 0.02
0.02 0.03
0.02 0.04
0.01 0.03
0.02 0.02
0.02 0.11
0.02 0.03
0.01 0.02
0.02 0.53
0.02 0.01
0.01 0.02
0.02 0.03
0.01 0.01
0.01 0.00
0.01 0.01
0.01 0.01
0.00 0.00
0.01 0.03
0.01 0.03
0.01 0.03
0.01 0.04
0.00 0.00
0.02 0.02
0.01 0.01
0.02 0.01
0.02 0.01
0.04 0.02
0.01 0.02
600 0.06
0.02 0.04
0.02 0.02
0.02 0.02
0.01 0.02
0.04 0.09
0.01 0.01
0.02 0.01
0.02 0.02
0.01 0.01
0.01 0.02
0.01 0.04
0.01 0.02
0.01 0.02
0.02 0.03
0.01 0.02
0.01 0.02
0.01 0.03
0.02 0.02
0.01 0.02
0.02 0.02
0.01 0.01
0.01 0.01
0.01 0.02
0.03 0.03
0.02 0.02
0.02 0.02
0.14 0.02
0.04 0.02
0.02 0.02
0.02 0.04
0.01 0.01
0.02 0.02
0.01 0.02
0.01 0.00
0.02 0.02
0.01 0.02
0.01 0.02
0.02 0.02
0.02 0.03
0.01 0.01
600 22.95
0.12 0.16
0.02 0.02
0.02 0.02
0.01 0.02
0.03 0.04
0.02 0.02
0.13 0.12
0.04 0.04
0.02 0.02
0.02 0.02
0.02 0.01
0.02 0.02
0.02 0.02
0.02 0.02
0.02 0.02
0.02 0.02
0.01 0.02
0.01 0.02
0.01 0.01
0.02 0.02
0.02 0.02
0.02 0.02
0.02 0.02
0.02 0.02
0.01 0.02
0.02 0.02
0.02 0.02
0.02 0.02
0.02 0.02
0.02 0.02
0.02 0.02
0.02 0.02
0.02 0.02
0.02 0.02
0.02 0.02
0.02 0.01
0.02 0.02
0.02 0.02
0.01 0.02
0.02 0.02
0.02 0.02
0.02 0.02
0.02 0.02
0.01 0.02
0.01 0.02
0.02 0.02
600 5.28
0.05 0.10
0.02 0.02
0.01 0.01
0.02 0.02
0.02 0.01
0.01 0.02
0.02 0.02
0.02 0.02
600 600
600 600
0.02 0.05
0.02 0.02
0.02 9.64
0.02 0.02
0.02 0.04
0.02 0.02
0.02 0.02
0.01 0.02
0.02 0.02
0.02 0.02
0.01 0.01
0.02 0.02
0.02 0.02
600 600
0.02 0.02
0.03 0.03
0.03 0.04
0.04 0.04
0.04 0.04
0.02 0.03
0.04 0.03
0.04 0.04
0.02 0.03
0.04 0.04
0.04 0.03
0.03 0.03
0.03 0.04
0.03 0.03
0.04 0.03
0.01 600
0.04 600
0.04 600
0.04 600
0.02 600
0.04 600
0.03 600
0.04 600
0.03 0.03
0.04 0.04
0.03 0.03
0.02 0.03
0.04 0.03
0.04 0.04
0.03 0.03
0.03 0.04
0.04 0.04
0.02 600
0.04 600
0.03 600
0.04 600
0.03 600
0.05 600
0.03 0.03
600 600
0.02 0.04
0.03 0.04
0.04 0.03
0.03 0.03
0.04 0.03
0.03 0.04
0.03 0.03
0.03 0.04
0.02 600
0.03 600
0.02 600
0.04 600
0.02 0.03
0.02 0.04
0.04 600
600 600
0.03 0.03
0.04 0.03
0.05 600
600 600
600 600
600 600
600 600
600 600
600 600
600 600
600 600
600 600
600 600
0.04 0.02
600 600
600 600
600 600
600 600
600 600
600 600
600 600
600 600
600 600
600 600
0.02 0.01
600 600
600 600
600 600
600 600
600 600
600 600
600 600
0.02 0.01
600 600
600 0.04
600 600
600 600
600 600
0.02 0.02
0.01 0.02
600 600
0.01 0.02
0.12 600
0.02 600
600 17.75
600 600
0.00 0.01
0.02 0.00
600 600
0.02 0.02
223.72 600
0.02 0.01
0.02 0.01
0.02 0.02
0.02 0.02
0.02 0.02
0.02 0.02
0.02 0.03
0.01 0.02
0.02 0.02
0.02 0.02
0.02 0.02
0.02 0.02
0.02 0.02
0.02 0.02
0.01 0.02
0.02 0.02
0.01 0.02
0.02 0.02
0.02 0.02
0.02 0.02
0.02 0.02
0.02 0.03
0.01 0.02
0.02 0.02
0.02 0.02
0.01 0.02
600 600
600 600
600 600
600 600
600 600
600 600
600 600
600 600
600 600
600 600
600 600
0.01 0.01
0.15 600
0.02 0.01
0.10 0.02
0.02 0.01
0.02 0.02
600 0.03
0.12 0.12
0.12 0.12
0.13 0.12
0.12 0.13
0.13 0.14
0.12 0.12
0.11 0.12
0.03 0.04
0.10 600
0.10 600
0.10 600
0.09 600
0.11 0.10
600 600
0.09 600
600 600
0.09 0.11
0.41 0.63
600 600
0.10 600
0.11 600
600 600
600 600
0.12 0.11
0.12 0.12
0.12 0.09
0.10 0.12
0.12 0.11
0.12 600
0.11 0.10
0.11 0.11
0.11 0.11
0.10 0.11
0.10 0.10
0.10 0.11
0.11 0.11
0.10 0.12
0.10 0.10
0.11 0.11
0.10 0.12
0.10 0.11
0.11 600
600 600
600 600
0.12 0.12
600 600
0.11 0.12
0.12 0.12
0.11 0.12
0.12 0.12
0.12 0.12
0.11 0.11
0.11 0.12
0.12 0.12
0.13 0.14
0.14 0.13
0.14 0.13
0.14 0.13
0.02 0.01
0.01 0.10
0.04 21.94
0.07 0.28
600 600
600 600
600 600
600 600
600 600
600 600
600 600
0.02 0.08
0.01 0.04
0.02 1.33
600 600
0.12 600
0.01 600
0.04 600
0.02 600
0.01 0.50
600 600
600 600
0.01 600
0.02 0.02
600 600
600 600
0.02 0.02
600 600
0.02 0.02
0.10 0.01
0.01 2.25
600 600
600 0.04
0.03 12.82
600 142.71
0.03 7.95
177.57 206.08
0.02 600
600 600
0.02 0.03
600 600
0.02 0.03
0.02 0.02
0.03 0.02
0.02 600
0.03 0.02
600 600
0.02 0.02
600 600
0.04 163.64
0.04 0.03
0.03 0.03
0.03 600
600 600
600 15.03
600 600
0.02 0.02
600 600
0.06 0.03
600 600
0.02 0.04
600 600
0.04 600
0.04 0.03
600 600
600 600
600 600
0.05 0.04
600 600
0.06 600
600 600
4.97 600
600 600
600 600
600 600
600 600
600 600
19.70 600
600 600
0.06 0.06
600 600
600 600
600 600
600 600
0.07 600
600 600
600 600
0.06 600
600 600
0.07 600
0.06 600
0.06 600
600 600
600 600
600 600
0.09 600
600 600
600 600
600 600
600 600
0.09 600
600 600
0.24 600
600 600
600 600
600 600
600 600
600 600
0.09 0.09
600 600
0.11 0.08
164.77 84.60
0.10 0.12
600 600
0.10 0.10
600 600
0.15 0.13
0.45 600
600 600
600 600
600 600
0.10 0.13
600 600
600 600
600 600
600 600
600 600
600 600
600 600
600 600
600 600
600 600
600 600
600 600
600 600
600 600
600 600
600 600
0.12 0.14
0.12 600
600 600
600 600
600 600
0.82 0.96
600 600
600 600
0.28 0.34
600 600
600 600
0.14 0.14
600 600
600 600
600 600
0.17 0.18
600 600
600 0.04
600 600
0.01 0.01
0.17 0.40
600 600
600 600
600 600
0.58 0.70
0.02 0.02
38.16 600
20.52 600
27.85 600
600 600
600 600
600 600
0.16 0.18
600 600
600 600
600 600
600 600
600 600
600 600
600 600
600 600
600 600
600 600
600 600
600 600
600 600
600 600
0.43 0.42
600 600
0.43 0.45
600 600
0.44 600
0.41 0.44
600 600
600 600
600 600
600 600
600 600
600 600
600 600
600 600
600 600
0.50 0.51
0.70 0.81
0.71 0.89
0.50 0.53
0.55 0.93
0.49 0.52
0.50 0.53
600 600
600 600
600 600
600 600
600 600
600 600
600 600
600 600
600 600
600 600
600 600
600 600
10.82 600
0.60 0.64
600 600
600 600
600 600
0.61 0.66
0.60 0.65
600 600
600 600
600 600
600 600
600 600
600 600
600 600
600 600
600 600
600 600
600 600
600 600
600 600
0.85 0.91
600 600
600 600
600 600
600 600
600 600
600 600
600 600
600 600
600 600
600 600
600 600
0.90 0.92
600 600
600 600
600 600
600 600
600 600
600 600
600 600
0.94 0.97
1.40 600
600 600
600 600
600 600
600 600
600 600
600 600
600 600
600 600
2.38 4.11
600 600
1.16 3.92
1.15 1.23
2.38 4.41
600 600
600 600
600 600
600 600
600 600
600 600
1.08 1.11
600 600
600 600
600 600
5.97 35.95
1.06 1.13
600 600
600 600
600 600
600 600
600 600
600 600
9.42 84.80
600 600
600 600
600 600
600 600
600 600
600 600
600 600
600 600
600 600
600 600
600 600
600 600
600 600
0.02 0.02
0.02 245.18
0.01 0.02
0.01 0.03
0.01 0.95
0.01 0.26
0.01 600
0.05 0.05
0.05 0.06
0.29 1.09
0.36 0.79
0.36 1.24
0.28 0.86
0.25 0.77
600 600
0.14 600
0.14 0.18
0.25 600
600 600
0.23 0.44
600 600
0.85 2.31
600 600
0.26 0.48
0.18 600
600 600
0.08 600
0.15 0.22
0.05 0.05
600 600
0.04 0.05
0.08 0.10
0.04 0.07
0.08 0.10
600 600
0.07 0.09
600 600
600 600
0.12 600
0.04 0.06
0.09 600
0.06 0.08
0.05 0.05
0.04 0.06
0.06 0.06
0.05 0.04
0.05 0.05
0.05 0.06
0.04 0.05
0.06 0.09
0.06 0.09
0.05 0.06
0.08 0.09
0.06 0.05
0.08 0.08
0.04 0.06
0.06 0.06
0.06 0.06
0.05 0.06
0.05 0.07
0.04 0.05
0.06 0.05
0.05 0.09
0.05 0.08
600 600
0.04 0.06
0.04 0.05
0.03 0.05
0.05 0.05
0.05 0.05
0.04 0.05
0.05 0.06
0.04 0.05
0.05 0.05
600 600
600 600
600 600
0.08 600
0.19 600
0.20 0.23
0.12 0.12
0.11 0.11
0.18 600
0.10 0.10
0.10 0.10
600 600
600 600
600 600
600 600
600 600
0.03 0.05
0.04 0.06
0.04 0.05
600 600
0.35 600
600 600
0.20 600
0.31 600
600 600
0.18 600
0.32 600
0.13 600
0.28 600
600 600
0.05 0.05
600 600
0.05 0.06
0.11 600
0.05 0.04
600 600
0.24 600
0.04 0.05
600 600
0.04 0.05
600 600
0.06 0.11
0.04 0.10
0.06 0.08
0.06 0.08
0.07 0.08
0.07 0.08
0.06 0.08
0.06 0.06
0.07 0.17
0.08 0.20
0.07 0.17
0.06 0.16
0.06 0.18
0.06 0.17
0.06 0.08
0.08 0.08
0.07 0.08
0.07 0.07
0.07 0.07
0.06 0.07
0.07 600
0.06 600
0.07 600
0.06 0.08
0.07 0.08
0.06 600
0.08 600
0.07 0.07
0.07 0.10
0.07 600
0.06 600
0.08 600
0.07 600
0.07 600
0.06 600
0.07 0.08
0.06 600
0.07 0.08
0.06 0.09
0.07 0.09
0.07 0.09
0.07 0.08
0.06 0.09
0.06 0.09
0.06 0.08
0.08 0.08
0.08 0.09
0.06 0.09
0.04 0.08
0.07 0.07
0.07 600
0.07 600
0.07 0.09
0.06 0.09
0.08 0.09
0.07 0.08
0.07 0.10
0.08 600
0.07 600
0.07 600
0.07 600
0.08 0.08
0.08 0.09
0.06 0.11
0.06 0.10
0.07 0.08
0.07 0.09
0.55 600
0.07 600
0.07 0.09
0.07 0.08
0.07 600
0.06 600
0.56 600
0.54 600
0.07 0.09
0.54 600
0.54 600
0.05 0.10
0.07 0.09
0.08 0.09
0.06 0.08
0.07 0.08
0.06 0.08
0.07 0.08
0.07 0.09
0.08 0.07
0.06 0.08
0.06 0.08
0.07 0.09
0.07 0.08
0.06 0.09
0.07 0.08
0.08 0.08
0.08 0.08
0.08 0.08
0.08 0.08
0.07 0.08
0.07 0.08
0.07 0.08
0.06 0.08
0.01 0.03
0.02 0.02
0.02 0.01
0.02 0.02
0.03 0.03
0.01 0.02
0.02 0.03
600 600
0.02 0.02
0.01 0.02
0.02 0.02
0.02 0.02
0.01 0.02
0.02 0.02
0.02 0.02
0.02 0.02
600 600
600 600
600 600
0.02 0.02
0.01 0.02
0.02 0.02
0.02 0.02
0.01 0.02
0.01 0.02
0.02 0.02
0.01 0.02
600 600
0.01 0.02
600 600
600 600
0.02 0.02
1.67 0.02
0.02 0.02
0.01 0.02
0.02 91.78
0.01 0.02
0.02 0.02
0.02 0.01
0.02 0.02
0.02 0.01
0.01 0.02
0.02 600
0.02 0.02
0.01 0.02
0.01 600
0.19 11.68
0.01 0.01
1.34 1.82
0.01 0.02
0.01 0.04
0.02 0.02
0.03 0.03
0.02 0.03
0.02 0.02
600 600
0.02 0.02
600 600
600 600
600 600
600 600
600 600
600 600
600 600
600 600
600 600
600 600
600 600
600 600
600 600
0.03 0.04
600 600
0.02 0.04
0.03 0.03
600 600
600 600
600 600
600 600
600 600
600 600
600 600
600 600
600 600
600 600
0.04 600
0.03 600
0.04 600
0.04 600
0.03 600
0.04 600
600 600
600 600
0.40 0.44
600 600
600 600
600 600
600 600
600 600
600 600
600 600
0.12 0.12
0.22 0.23
600 600
600 600
600 600
0.08 0.08
600 600
600 600
600 600
600 600
600 90.42
2.00 2.09
600 600
1.28 1.39
600 600
0.30 0.26
1.86 91.19
600 600
0.06 0.07
3.14 222.47
0.09 0.09
600 600
0.31 0.34
0.09 0.08
0.32 0.32
600 600
600 600
600 35.19
600 600
0.07 0.07
600 600
600 600
600 600
0.10 0.11
600 600
600 600
600 600
600 600
600 600
600 600
600 600
600 600
0.09 0.10
600 600
600 600
600 600
600 600
600 600
600 600
600 600
600 600
600 600
0.35 0.34
0.01 0.04
0.02 0.45
0.30 600
0.02 3.41
15.76 15.16
600 600
0.01 0.03
0.16 0.05
0.04 0.04
0.16 600
0.03 0.03
600 0.04
600 600
4.18 0.05
0.10 0.14
600 600
600 11.12
600 600
0.03 0.03
0.02 0.56
0.01 0.03
7.02 0.04
0.19 0.02
600 600
600 600
600 3.84
0.38 0.03
0.09 0.02
16.81 0.05
600 15.71
0.11 0.05
0.10 0.05
6.10 4.06
39.46 0.18
4.76 0.14
4.41 0.18
0.03 0.02
600 0.11
14.87 600
600 0.10
0.02 0.21
0.01 0.21
0.01 0.66
1.92 0.06
4.10 0.06
0.01 0.01
0.04 0.30
0.10 0.07
0.05 0.02
0.04 0.03
6.82 0.09
25.82 0.11
3.47 14.16
2.80 0.03
600 0.05
600 0.29
600 162.36
600 0.22
600 0.30
600 0.39
600 10.11
600 0.42
600 0.45
600 0.19
600 0.19
0.06 0.04
600 1.12
600 0.54
0.01 0.21
50.15 0.11
0.02 0.07
0.01 0.06
600 0.21
0.02 600
600 600
0.06 0.08
600 0.04
0.01 0.02
0.16 0.03
0.16 0.08
600 0.24
67.53 0.18
0.02 0.06
600 600
600 0.35
0.02 0.17
0.01 0.15
0.01 0.14
0.02 0.14
600 0.10
600 0.10
600 2.38
600 0.29
600 0.02
600 0.01
600 0.02
600 600
600 600
600 46.13
600 2.60
0.02 0.06
0.01 0.02
80.64 600
0.02 0.02
0.30 0.12
0.28 600
600 286.66
600 600
1.28 0.12
0.02 0.76
600 53.14
1.63 0.40
0.18 0.76
39.25 0.62
16.93 0.74
0.07 0.56
0.08 0.88
600 0.66
231.41 0.42
0.08 0.54
17.94 0.48
0.07 0.49
109.22 0.12
0.07 0.23
2.71 0.07
1.71 0.04
0.95 0.20
0.28 0.21
1.79 1.32
600 0.12
20.60 0.43
74.74 0.47
0.08 0.48
4.31 0.55
13.73 0.76
1.38 0.66
600 0.13
0.08 0.72
0.03 0.10
0.04 600
600 0.05
600 0.06
5.59 600
0.06 0.14
600 0.34
600 0.48
600 0.54
600 0.64
600 6.78
600 0.71
600 0.84
8.65 1.90
600 0.82
0.22 1.97
0.20 0.14
0.18 0.18
0.24 0.16
1.69 0.17
0.70 0.16
600 1.83
600 0.21
600 0.16
0.02 0.02
0.02 0.03
0.10 2.30
0.08 0.17
0.03 0.06
1.20 0.45
600 0.13
0.09 0.09
600 0.74
0.10 0.10
600 600
600 600
600 600
