.03200000000000000000 .03600000000000000000
.04800000000000000000 .05600000000000000000
.05600000000000000000 .05600000000000000000
.04400000000000000000 .05600000000000000000
.03200000000000000000 .03600000000000000000
.04400000000000000000 .05200000000000000000
.04800000000000000000 .05600000000000000000
.02800000000000000000 .03200000000000000000
.04000000000000000000 .05200000000000000000
.04800000000000000000 .05600000000000000000
.03600000000000000000 .04000000000000000000
.05200000000000000000 .06400000000000000000
.02800000000000000000 .04800000000000000000
.05600000000000000000 .06800000000000000000
.02800000000000000000 .04000000000000000000
.05200000000000000000 .05200000000000000000
.03600000000000000000 .04400000000000000000
.05200000000000000000 .06000000000000000000
.02800000000000000000 .04800000000000000000
.06800000000000000000 .06400000000000000000
.03600000000000000000 .04800000000000000000
.06400000000000000000 .06400000000000000000
.04000000000000000000 2.10800000000000000000
.06000000000000000000 .05600000000000000000
.05200000000000000000 .05600000000000000000
.03600000000000000000 .03200000000000000000
.05200000000000000000 .05600000000000000000
.05600000000000000000 .05600000000000000000
.04400000000000000000 1.11200000000000000000
.05600000000000000000 .06000000000000000000
.06000000000000000000 .06000000000000000000
.04000000000000000000 .05600000000000000000
.05200000000000000000 .07200000000000000000
.08400000000000000000 .07600000000000000000
.07200000000000000000 .08400000000000000000
.04800000000000000000 .06400000000000000000
.09200000000000000000 .12000000000000000000
.03200000000000000000 .03600000000000000000
600 600
.02800000000000000000 .03600000000000000000
.04800000000000000000 .06000000000000000000
.04000000000000000000 .06000000000000000000
.03600000000000000000 .03600000000000000000
.05200000000000000000 .06000000000000000000
.05200000000000000000 .05600000000000000000
.02800000000000000000 .04000000000000000000
.05200000000000000000 .06000000000000000000
.06000000000000000000 .14000000000000000000
.10000000000000000000 .06800000000000000000
.10000000000000000000 .05200000000000000000
.16400000000000000000 .11200000000000000000
.03200000000000000000 .04400000000000000000
.04800000000000000000 .06000000000000000000
.28400000000000000000 .06000000000000000000
600 600
.03200000000000000000 .03600000000000000000
.04800000000000000000 .06400000000000000000
.04800000000000000000 .05200000000000000000
600 600
600 600
600 600
.00400000000000000000 .00400000000000000000
600 600
600 600
600 600
600 600
600 600
600 600
600 600
2.56800000000000000000 600
272.88100000000000000000 600
16.63700000000000000000 600
1.63600000000000000000 600
600 600
.12800000000000000000 .42800000000000000000
600 600
.04400000000000000000 .23600000000000000000
600 600
.01200000000000000000 .01200000000000000000
.00800000000000000000 0
.00800000000000000000 .01200000000000000000
.02000000000000000000 600
.01200000000000000000 .01200000000000000000
.00400000000000000000 0
600 600
.05600000000000000000 .06000000000000000000
.19600000000000000000 .36000000000000000000
.17600000000000000000 .16400000000000000000
.17600000000000000000 .17200000000000000000
.17600000000000000000 .16400000000000000000
.15600000000000000000 .15200000000000000000
.15200000000000000000 .14000000000000000000
.13600000000000000000 .12800000000000000000
.13200000000000000000 .12000000000000000000
.14000000000000000000 .27600000000000000000
.13200000000000000000 .14400000000000000000
.15600000000000000000 .15200000000000000000
600 .26000000000000000000
.31200000000000000000 .30800000000000000000
.31600000000000000000 .31200000000000000000
.13600000000000000000 .15200000000000000000
.20000000000000000000 600
600 .19200000000000000000
.18800000000000000000 600
.12800000000000000000 .12000000000000000000
600 600
600 .58000000000000000000
.05600000000000000000 .05600000000000000000
.17200000000000000000 .12800000000000000000
.05600000000000000000 .05600000000000000000
.16800000000000000000 .12400000000000000000
600 .53600000000000000000
.14800000000000000000 .11600000000000000000
600 600
600 600
.18800000000000000000 .13600000000000000000
.06000000000000000000 .05600000000000000000
.35600000000000000000 600
.14000000000000000000 .10800000000000000000
.06000000000000000000 .05600000000000000000
.05200000000000000000 .06000000000000000000
.05600000000000000000 .06000000000000000000
600 600
.05600000000000000000 .05600000000000000000
600 600
600 600
.11600000000000000000 .10400000000000000000
.12400000000000000000 .10800000000000000000
600 600
.11600000000000000000 .11200000000000000000
.05200000000000000000 .05200000000000000000
.11200000000000000000 .10400000000000000000
600 600
600 600
600 600
600 600
600 600
600 600
600 600
.05200000000000000000 .05600000000000000000
.06000000000000000000 .05600000000000000000
600 .23600000000000000000
600 600
600 600
600 600
600 600
600 600
600 600
.05600000000000000000 .06000000000000000000
.05600000000000000000 .06000000000000000000
.05600000000000000000 .05600000000000000000
.52800000000000000000 .41600000000000000000
1.76000000000000000000 .26400000000000000000
1.86400000000000000000 .27600000000000000000
.15600000000000000000 600
.18000000000000000000 .16000000000000000000
.18800000000000000000 .17600000000000000000
.14000000000000000000 .13200000000000000000
.14800000000000000000 .12000000000000000000
.15200000000000000000 .14800000000000000000
.20400000000000000000 .15600000000000000000
.14000000000000000000 .12000000000000000000
600 600
600 .30000000000000000000
.16000000000000000000 .12800000000000000000
1.84400000000000000000 .27600000000000000000
.16000000000000000000 .12400000000000000000
.06400000000000000000 .05200000000000000000
.05200000000000000000 .06000000000000000000
.05600000000000000000 .06000000000000000000
600 .17600000000000000000
.17200000000000000000 .14800000000000000000
600 .71200000000000000000
.20000000000000000000 .22000000000000000000
.16400000000000000000 .14400000000000000000
600 .45200000000000000000
.57200000000000000000 .25600000000000000000
.16400000000000000000 .14000000000000000000
.14400000000000000000 .12400000000000000000
.14400000000000000000 .14000000000000000000
600 .83600000000000000000
.06000000000000000000 .06000000000000000000
600 .21200000000000000000
.06000000000000000000 .06000000000000000000
.14400000000000000000 .13200000000000000000
.05600000000000000000 .05600000000000000000
600 .31200000000000000000
.38400000000000000000 .28400000000000000000
600 600
600 600
.06000000000000000000 .06400000000000000000
600 600
.05600000000000000000 .05200000000000000000
.06000000000000000000 .06000000000000000000
.16000000000000000000 .10800000000000000000
.16400000000000000000 .09600000000000000000
.15200000000000000000 .10400000000000000000
.14800000000000000000 .10000000000000000000
.16000000000000000000 .11600000000000000000
.14800000000000000000 .10400000000000000000
.12000000000000000000 .09600000000000000000
.12000000000000000000 .11600000000000000000
.12400000000000000000 .10800000000000000000
.11200000000000000000 .10800000000000000000
.12400000000000000000 .11200000000000000000
.11600000000000000000 .10000000000000000000
.12000000000000000000 .10400000000000000000
.10400000000000000000 .10800000000000000000
.10800000000000000000 .10800000000000000000
.10800000000000000000 .10000000000000000000
.10000000000000000000 .09200000000000000000
.10800000000000000000 .10000000000000000000
.14400000000000000000 .14800000000000000000
.13200000000000000000 .14400000000000000000
.12000000000000000000 .14400000000000000000
.06400000000000000000 .06400000000000000000
.11200000000000000000 .11200000000000000000
.35600000000000000000 .26800000000000000000
.14400000000000000000 .14000000000000000000
.06800000000000000000 .06400000000000000000
.12800000000000000000 .11200000000000000000
.49200000000000000000 .29600000000000000000
.17200000000000000000 .14800000000000000000
.16800000000000000000 .14400000000000000000
.17600000000000000000 600
.18800000000000000000 600
.15200000000000000000 600
.12000000000000000000 .10800000000000000000
.12800000000000000000 .13600000000000000000
.12000000000000000000 .11200000000000000000
.12000000000000000000 .10800000000000000000
.13200000000000000000 .11600000000000000000
.12800000000000000000 .11600000000000000000
.12800000000000000000 .11600000000000000000
.11600000000000000000 .11200000000000000000
.12000000000000000000 .13200000000000000000
.12800000000000000000 .11200000000000000000
.12400000000000000000 .11200000000000000000
.12000000000000000000 .11200000000000000000
.11200000000000000000 .11600000000000000000
.11600000000000000000 .11200000000000000000
.12800000000000000000 .11200000000000000000
.18800000000000000000 600
.18000000000000000000 .12400000000000000000
.12000000000000000000 .10800000000000000000
.12000000000000000000 .10000000000000000000
.11600000000000000000 .11600000000000000000
.12000000000000000000 .09600000000000000000
.11600000000000000000 .10400000000000000000
.17200000000000000000 600
.20800000000000000000 600
.15600000000000000000 .12800000000000000000
.15200000000000000000 600
.13200000000000000000 .10800000000000000000
.12400000000000000000 .11600000000000000000
.11600000000000000000 .11200000000000000000
.12400000000000000000 .11600000000000000000
.13200000000000000000 .11200000000000000000
.12400000000000000000 .12400000000000000000
.12400000000000000000 .11600000000000000000
.12800000000000000000 .12000000000000000000
.12000000000000000000 .11200000000000000000
.12000000000000000000 .11200000000000000000
.19200000000000000000 .21200000000000000000
.20400000000000000000 .32400000000000000000
.11600000000000000000 .10800000000000000000
.12400000000000000000 .11200000000000000000
.12000000000000000000 .11600000000000000000
.12800000000000000000 .11200000000000000000
.11600000000000000000 .10800000000000000000
.13200000000000000000 .11200000000000000000
.12000000000000000000 .11600000000000000000
.12400000000000000000 .11600000000000000000
.12000000000000000000 .11600000000000000000
.13200000000000000000 .10800000000000000000
.12000000000000000000 .12000000000000000000
.12400000000000000000 .11200000000000000000
.12400000000000000000 .10800000000000000000
.12400000000000000000 .11600000000000000000
.12400000000000000000 .10800000000000000000
.11600000000000000000 .10800000000000000000
.14000000000000000000 .12400000000000000000
.12400000000000000000 .11200000000000000000
.13200000000000000000 .12400000000000000000
.12400000000000000000 .11600000000000000000
.12800000000000000000 .12400000000000000000
.11200000000000000000 .11600000000000000000
.11600000000000000000 .10800000000000000000
.12800000000000000000 .11200000000000000000
.12000000000000000000 .11600000000000000000
.11200000000000000000 .11200000000000000000
.11200000000000000000 .12000000000000000000
.11200000000000000000 .11200000000000000000
600 600
.14400000000000000000 .11600000000000000000
.15200000000000000000 .10800000000000000000
.10400000000000000000 .10000000000000000000
.14800000000000000000 .12400000000000000000
.13600000000000000000 .12000000000000000000
.16000000000000000000 .11600000000000000000
.15200000000000000000 .14000000000000000000
.13600000000000000000 .13200000000000000000
.15600000000000000000 600
600 600
600 600
.88800000000000000000 .14800000000000000000
.07600000000000000000 .08400000000000000000
.32800000000000000000 600
.10000000000000000000 .10400000000000000000
.08000000000000000000 .08400000000000000000
7.65600000000000000000 8.91700000000000000000
8.30900000000000000000 600
600 600
.13200000000000000000 600
.06800000000000000000 600
600 600
600 600
600 600
.06800000000000000000 600
600 600
.27200000000000000000 600
.19200000000000000000 600
.17200000000000000000 600
.28000000000000000000 600
.16400000000000000000 600
.17200000000000000000 600
10.68100000000000000000 600
