53.32 6.92
10.85 7.97
600 600
71.17 600
61.56 600
70.64 600
70.12 600
60.97 600
600 600
0.18 600
0.00 0.00
600 600
67.66 67.38
67.49 67.36
12.93 14.20
14.53 14.70
1.44 14.68
2.34 34.33
600 600
600 600
600 600
13.96 13.92
0.03 0.01
60.30 63.41
25.74 28.75
21.72 11.72
110.51 600
0.03 0.02
0.03 0.04
63.62 600
62.47 600
88.20 219.84
0.00 0.10
0.01 0.04
0.00 0.07
0.00 0.00
0.00 0.00
0.00 0.01
0.01 0.10
0.00 0.05
0.15 5.97
0.00 0.10
0.00 0.07
0.01 1.57
0.00 0.00
0.00 0.01
0.00 0.01
0.02 0.22
0.01 0.16
0.04 1.62
0.00 0.01
0.00 0.00
0.01 0.00
0.00 0.18
0.01 0.41
0.01 0.08
0.00 0.00
0.00 0.00
0.00 0.00
0.00 0.01
0.00 0.01
0.00 0.01
0.01 0.06
0.01 0.10
0.00 0.14
0.00 0.06
0.01 0.09
0.01 0.08
0.01 0.06
0.01 0.09
0.00 0.04
0.00 0.00
0.00 0.01
0.01 0.00
0.00 0.11
0.00 0.08
0.01 3.88
0.00 0.00
0.00 0.00
0.01 0.01
0.02 0.21
0.01 0.16
0.15 1.59
0.00 0.17
0.01 0.22
0.04 0.20
0.01 0.18
0.01 0.22
0.01 0.14
0.01 0.13
0.01 0.18
0.01 0.16
0.01 0.12
0.01 0.12
0.01 0.13
0.34 0.26
0.07 0.31
0.92 0.49
0.00 0.01
0.01 0.00
0.01 0.03
0.02 0.20
0.02 0.16
0.26 0.34
0.01 0.20
0.02 0.14
0.27 0.38
0.16 0.51
0.03 0.50
0.19 0.38
0.20 0.26
0.04 0.24
0.55 0.50
0.01 0.20
0.02 0.14
0.55 0.50
0.01 0.18
0.02 0.15
0.54 0.47
0.54 0.51
0.03 0.50
0.54 0.38
0.00 0.04
0.00 0.04
0.01 0.05
0.00 0.10
0.01 0.09
0.24 82.41
0.12 0.86
0.10 0.52
0.17 71.17
0.01 0.17
0.08 0.17
2.54 108.99
0.00 0.05
0.01 0.05
0.01 0.08
0.02 0.06
0.01 0.06
0.14 84.31
0.00 0.01
0.00 0.01
0.00 0.05
0.00 0.00
0.00 0.00
0.00 0.00
0.00 0.00
0.00 0.00
0.00 0.00
0.00 0.01
0.00 0.01
0.01 0.01
0.01 0.01
0.01 0.02
0.00 0.02
0.00 0.00
0.00 0.00
0.01 0.02
0.00 0.01
0.01 0.05
0.01 0.01
0.00 0.01
0.00 0.01
0.01 0.04
0.00 0.04
0.00 0.00
0.00 0.00
0.00 0.00
0.00 0.01
0.00 0.01
0.01 0.05
0.01 0.00
0.00 0.00
0.01 0.00
0.00 0.01
0.00 0.00
0.01 0.03
0.00 0.00
0.00 0.00
0.00 0.01
0.00 0.01
0.00 0.01
0.00 0.01
0.01 0.15
0.00 0.16
0.02 0.39
0.04 0.02
0.02 0.02
0.05 0.08
0.00 0.03
0.00 0.00
0.00 0.01
0.00 0.00
0.00 0.00
0.00 0.00
0.00 0.01
0.00 0.01
0.00 0.00
0.00 0.01
0.00 0.00
0.80 3.11
0.01 0.48
0.01 0.00
0.00 0.01
0.00 0.00
0.01 0.50
0.01 0.01
0.01 0.46
0.02 0.02
0.00 0.00
0.00 0.00
0.00 0.00
0.00 0.00
0.00 0.00
0.00 0.00
0.00 0.00
0.00 0.00
0.00 0.00
0.00 0.00
0.00 0.00
0.00 0.00
0.00 0.00
0.00 0.00
0.00 0.00
0.00 0.00
0.00 0.00
0.00 0.00
0.00 0.00
0.00 0.00
0.00 0.00
0.00 0.00
0.00 0.00
0.00 0.00
0.00 0.00
0.00 0.00
0.00 0.00
0.00 0.01
0.00 0.00
0.00 0.00
0.00 0.00
0.00 0.00
0.00 0.00
0.00 0.00
0.00 0.00
0.00 0.01
0.00 0.00
0.00 0.00
33.06 0.99
0.08 0.57
0.04 0.09
0.00 0.00
0.00 0.00
0.00 0.00
0.00 0.00
0.00 0.00
0.00 0.00
33.09 0.85
32.59 0.74
0.00 0.12
0.00 0.00
0.01 0.22
0.01 0.01
0.00 0.31
0.00 0.00
0.00 0.00
0.00 0.00
0.00 0.00
0.01 0.01
0.00 0.00
0.01 0.01
0.00 0.00
1.31 0.02
9.30 0.01
600 1.30
15.55 0.04
600 0.02
0.10 0.00
600 1.30
600 1.28
6.77 1.29
600 0.03
600 1.28
600 1.28
600 1.30
60.51 1.30
72.38 1.31
59.98 1.27
600 0.05
600 0.06
267.95 0.05
600 1.29
600 0.20
600 1.29
600 1.27
600 0.01
1.59 1.30
0.02 0.02
600 1.28
6.94 0.02
600 0.30
16.06 1.29
600 1.29
600 0.02
6.34 0.02
7.32 0.02
600 0.02
600 1.26
0.27 0.44
224.46 1.09
600 1.29
600 1.30
600 0.03
0.48 0.63
0.40 0.40
0.01 0.01
0.01 0.01
0.00 0.00
0.00 0.01
0.01 0.01
0.01 0.00
0.01 0.01
0.01 0.00
0.01 0.01
0.01 0.00
0.01 0.01
0.01 0.01
0.00 0.00
0.01 0.01
0.01 0.00
0.01 0.01
0.01 0.01
0.00 0.01
1.32 1.40
1.36 1.36
1.32 0.05
1.00 0.83
0.04 0.02
0.03 0.06
0.01 0.01
0.01 0.01
0.01 0.01
0.00 0.01
0.02 0.02
0.03 0.04
0.00 0.01
0.01 0.01
0.01 0.01
0.02 0.03
0.05 0.04
0.04 0.06
0.04 0.06
0.01 0.01
600 600
0.01 0.00
0.00 0.01
0.01 0.01
0.01 0.01
0.00 0.00
0.01 0.00
0.01 0.01
0.01 0.01
0.00 0.02
0.01 0.04
31.90 61.50
0.04 0.42
0.00 0.01
0.01 0.01
0.03 62.07
600 600
0.00 0.00
0.00 0.01
0.02 1.38
600 600
600 600
1.50 0.03
600 600
600 600
8.95 600
600 600
600 600
600 600
600 600
0.00 0.02
3.76 53.46
600 600
600 600
0.17 2.28
600 600
2.58 7.04
2.25 2.30
5.60 6.37
600 600
600 600
0.01 0.02
600 600
600 600
600 600
600 600
600 600
600 600
600 600
0.00 0.00
0.03 0.00
0.01 0.01
0.02 0.00
600 600
1.40 600
0.00 0.00
0.00 0.00
1.92 59.31
0.00 0.00
0.00 0.01
0.00 0.01
0.40 0.40
0.41 6.26
0.00 0.00
0.00 0.00
0.01 0.04
0.00 0.00
179.72 178.21
0.00 0.01
0.00 0.00
0.10 0.11
0.08 0.11
0.01 0.00
5.27 5.36
0.09 1.39
0.09 1.33
0.00 0.00
7.32 2.82
0.00 0.00
1.41 1.24
0.18 0.15
0.00 0.00
0.00 0.00
0.00 0.00
96.87 97.15
0.54 0.36
0.19 0.34
0.00 0.00
5.34 5.30
5.36 5.32
2.58 2.66
2.54 2.70
6.27 6.28
6.32 6.03
1.78 2.35
102.44 4.66
198.54 211.36
198.77 215.00
198.76 600
1.27 1.31
15.15 1.32
9.76 9.42
24.66 23.50
0.07 1.00
600 600
0.00 0.00
0.01 0.00
0.00 0.01
0.01 0.00
0.00 0.00
0.00 0.00
0.01 0.01
1.40 0.04
0.02 0.01
1.32 7.59
1.54 7.77
1.51 7.65
0.01 0.01
0.01 0.01
0.01 0.01
0.01 0.01
0.01 0.01
0.01 0.01
0.01 0.01
0.01 0.01
0.00 0.01
0.01 0.02
0.01 0.02
0.01 0.01
0.01 0.02
11.14 3.22
0.02 1.33
0.02 0.31
12.77 3.22
12.69 3.26
0.34 0.02
0.01 0.03
0.01 0.01
0.01 0.01
0.01 0.01
3.42 58.23
0.01 0.01
0.01 0.01
0.01 0.01
0.01 0.01
0.01 0.01
0.01 0.00
0.02 0.03
0.02 0.03
0.03 0.02
0.03 0.04
0.01 0.02
0.02 0.02
0.01 0.20
0.02 1.43
2.06 7.20
0.01 0.67
1.37 0.10
0.01 0.01
0.01 0.01
0.01 0.01
0.02 0.01
0.02 0.02
0.02 0.02
0.01 0.02
0.01 0.15
4.23 5.61
4.28 5.58
6.08 5.31
6.00 5.40
0.00 0.02
0.00 0.01
0.01 0.01
0.00 0.00
3.26 3.32
66.08 180.86
600 600
600 600
600 600
600 600
3.64 6.16
0.00 0.00
0.00 0.00
1.70 3.24
6.86 13.29
0.04 2.82
1.68 0.38
15.12 13.82
0.01 6.37
0.06 2.31
0.70 0.60
47.69 58.66
1.10 13.64
0.00 0.00
33.62 28.88
29.91 3.21
0.00 0.00
33.53 28.88
0.00 0.00
0.21 0.04
0.06 1.28
4.56 3.27
0.00 0.00
0.79 1.18
0.10 5.92
0.32 1.43
4.58 3.24
0.02 0.00
0.00 0.01
0.00 0.01
0.02 0.01
0.00 2.23
0.02 0.01
0.14 0.01
2.23 14.68
0.22 0.02
600 600
0.01 0.48
3.88 600
0.03 0.02
0.02 0.01
0.04 0.20
0.00 0.01
600 55.07
1.31 1.18
600 600
0.00 0.00
8.21 6.36
0.00 0.00
600 600
0.01 0.01
1.53 1.48
1.33 0.01
0.01 0.01
1.36 0.65
1.39 0.02
600 600
84.85 7.97
12.27 1.19
600 600
600 600
0.64 7.64
600 600
600 600
600 600
600 600
600 600
0.04 0.03
0.24 1.39
0.12 0.22
0.02 0.01
600 600
600 600
600 228.45
600 600
600 0.02
600 600
0.06 6.37
600 225.10
0.97 169.85
600 600
0.05 6.21
600 0.02
600 600
600 221.61
243.14 139.54
600 600
600 212.34
600 600
600 220.84
244.19 138.81
84.67 60.12
600 600
10.38 6.87
600 600
600 600
0.15 0.02
600 600
0.14 0.02
600 600
0.03 0.02
0.16 0.02
147.51 61.87
600 600
0.17 0.01
0.00 0.02
0.16 0.02
600 600
600 600
600 600
600 600
0.02 0.02
600 600
600 600
600 600
244.24 4.63
600 600
0.16 600
600 600
600 232.59
0.32 0.03
600 600
600 600
600 600
223.86 0.38
0.03 0.02
8.98 7.61
600 600
0.39 0.02
0.10 6.40
600 600
27.06 600
600 600
600 257.70
600 600
600 600
600 600
242.45 600
600 600
1.77 0.12
600 600
600 600
600 600
0.20 0.03
600 600
6.33 0.28
600 82.80
0.00 0.00
0.34 0.02
600 600
600 600
16.90 6.59
9.18 0.66
1.54 0.12
600 600
600 600
600 600
600 600
600 600
600 600
2.99 0.91
600 600
600 600
600 600
600 600
600 600
600 600
600 600
600 600
600 600
600 600
600 600
600 600
600 600
600 600
8.29 1.72
214.06 4.18
2.97 3.91
8.58 60.47
1.92 0.12
0.07 0.07
600 600
600 600
600 600
600 600
600 600
600 600
600 600
600 600
600 600
8.40 6.36
600 7.47
28.90 14.14
0.09 0.09
25.13 6.10
3.22 1.90
27.60 7.61
600 600
600 600
600 600
600 600
600 600
600 600
600 600
600 600
600 600
119.95 58.53
151.96 7.51
0.67 0.13
600 10.28
600 7.54
600 7.78
8.38 2.39
14.30 7.61
600 7.61
600 7.58
600 600
600 600
600 600
600 600
600 600
600 600
600 600
600 600
12.35 7.37
600 600
600 600
600 12.16
600 600
267.72 0.78
600 600
600 600
600 7.86
600 600
600 600
600 600
600 61.81
600 600
600 7.32
600 600
600 600
600 7.61
3.27 1.11
16.32 5.34
600 235.65
600 252.70
600 600
600 13.82
600 600
8.70 7.48
600 7.70
600 600
600 600
600 600
600 600
600 600
600 600
600 600
600 600
21.81 20.49
600 9.51
0.16 6.46
15.60 0.19
600 0.18
600 600
600 600
600 600
600 600
600 600
600 600
0.24 0.19
600 600
600 600
600 600
600 600
8.08 14.41
600 83.18
600 600
600 600
600 242.64
600 600
600 600
600 7.51
600 7.94
600 600
600 600
600 600
600 600
600 600
600 600
600 600
600 600
600 600
600 600
47.20 66.75
65.61 64.24
0.00 0.02
0.01 0.13
0.00 0.00
0.00 0.02
0.00 0.20
0.01 1.90
0.00 0.00
0.01 0.02
0.02 0.01
0.06 1.02
0.05 0.10
0.05 0.11
0.04 0.16
0.04 0.12
0.08 0.13
0.03 0.08
0.02 0.04
0.10 0.07
0.07 0.08
0.06 0.15
600 600
0.12 86.14
0.20 0.66
0.05 0.08
0.03 0.08
600 600
0.02 0.02
0.07 0.06
0.02 0.01
600 600
0.01 0.01
0.05 0.07
0.02 0.01
0.03 0.06
600 600
0.02 0.02
600 600
600 600
0.08 0.21
0.02 0.01
0.01 0.02
0.03 0.04
0.02 0.01
0.01 0.01
0.02 0.02
0.01 0.01
0.02 0.01
0.02 0.01
0.02 0.01
0.02 0.02
0.02 0.02
0.01 0.01
0.06 0.17
0.02 0.01
0.01 0.02
0.01 0.01
0.02 0.01
0.01 0.01
0.01 0.02
0.02 0.01
0.01 0.02
0.02 0.02
0.02 0.02
0.02 0.01
600 600
0.01 0.01
0.02 0.02
0.01 0.01
0.01 0.01
0.02 0.01
0.01 0.02
0.01 0.02
0.01 0.01
0.01 0.01
7.50 1.30
1.32 1.30
1.33 1.31
0.02 0.04
0.08 0.08
0.07 0.10
0.06 0.08
0.05 0.10
0.05 0.06
0.07 0.04
0.03 0.05
600 600
600 600
0.58 0.12
1.32 1.33
1.28 0.10
0.01 0.02
0.02 0.02
0.01 0.01
600 600
0.15 0.56
600 600
1.34 600
0.55 0.40
600 600
0.07 0.16
0.12 0.06
0.12 0.12
0.08 0.23
600 600
0.01 0.02
600 600
0.01 0.02
0.06 0.17
0.01 0.02
600 600
0.22 2.35
0.02 0.01
600 600
0.01 0.01
600 600
0.01 0.02
0.01 0.02
0.03 0.05
0.02 0.06
0.03 0.09
0.04 0.05
0.03 0.06
0.03 0.05
0.02 0.01
0.02 0.02
0.02 0.02
0.01 0.01
0.02 0.02
0.02 0.02
0.01 0.02
0.02 0.01
0.01 0.01
0.01 0.02
0.02 0.01
0.00 0.01
0.02 0.01
0.02 0.02
0.06 0.11
0.03 0.05
0.02 0.02
0.01 0.02
0.06 0.10
0.03 0.06
0.02 0.02
0.02 0.02
0.01 0.02
0.02 0.02
0.02 0.02
0.02 0.02
0.02 0.02
0.02 0.02
0.09 0.10
0.01 0.02
0.02 0.02
0.02 0.01
0.01 0.02
0.02 0.10
0.03 0.02
0.02 0.03
0.02 0.02
0.02 0.02
0.03 0.02
0.02 0.01
0.02 0.09
0.02 0.09
0.03 0.82
0.04 0.02
0.02 0.02
0.02 0.02
0.02 0.02
0.02 0.01
0.03 0.01
0.02 0.02
0.02 0.01
0.02 0.02
0.02 0.02
0.02 0.01
0.02 0.02
0.02 0.02
0.02 0.02
0.02 0.02
0.02 0.03
0.02 0.02
0.02 0.03
0.02 0.06
0.02 0.05
0.03 0.10
0.03 0.10
0.02 0.02
0.01 0.02
0.02 0.04
0.02 0.02
0.01 0.02
0.02 0.04
0.02 0.02
0.01 0.02
0.01 0.01
0.01 0.01
0.02 0.02
0.02 0.01
0.02 0.02
0.02 0.01
0.02 0.02
0.02 0.02
0.02 0.07
0.02 0.01
0.02 0.01
0.01 0.02
0.01 0.02
0.02 0.01
0.02 0.02
0.02 0.01
0.02 0.02
0.02 0.02
0.02 0.00
0.02 0.01
0.00 0.00
0.00 0.00
0.00 0.00
0.00 0.00
0.00 0.00
0.01 0.02
0.01 0.02
600 600
0.00 0.00
3.34 0.20
0.00 0.00
0.00 0.01
0.18 54.28
1.23 4.58
0.01 6.60
0.12 0.08
600 600
600 600
600 600
0.00 0.00
0.01 0.00
0.00 0.00
0.00 0.00
0.00 0.00
0.00 0.00
0.00 0.00
0.00 0.07
0.02 0.18
0.00 0.00
600 600
0.01 83.18
0.00 0.00
97.48 92.19
0.00 0.00
0.05 60.59
0.00 0.04
0.00 0.00
50.16 2.56
0.00 0.00
1.32 0.17
0.01 269.14
0.00 0.00
0.00 0.03
1.66 61.39
0.01 0.00
0.00 2.32
0.01 0.66
0.00 0.00
0.00 0.00
0.00 0.00
0.00 0.00
0.00 0.01
0.05 0.04
0.05 0.04
0.00 0.03
600 600
0.01 0.03
8.38 31.50
3.28 1.58
2.60 1.69
34.70 4.06
8.83 1.33
2.68 1.33
2.88 1.04
1.34 1.26
1.94 1.31
0.07 7.45
5.12 81.73
8.17 76.11
6.96 9.76
0.05 0.36
0.29 12.05
0.06 0.10
0.04 0.15
0.26 9.74
0.44 8.77
79.20 76.29
1.39 3.29
1.33 1.96
8.90 128.65
9.12 129.49
34.90 133.58
1.41 3.95
1.40 3.98
8.49 14.22
1.39 1.36
0.68 2.23
8.10 14.09
1.35 1.38
1.32 1.34
1.44 2.21
89.82 89.19
6.45 6.40
600 600
600 600
600 600
1.60 0.11
600 600
600 600
600 600
6.28 6.36
0.05 0.05
600 600
600 600
600 600
0.01 0.02
600 600
600 600
600 600
600 600
58.77 0.97
0.02 0.02
600 600
0.02 0.02
600 600
0.19 0.19
0.26 0.27
600 600
0.01 0.01
0.28 0.26
2.27 2.30
600 600
0.07 0.08
0.02 0.02
0.10 0.09
600 600
600 600
0.02 0.01
600 600
0.02 0.01
600 600
600 600
600 600
0.16 0.16
600 600
600 600
600 600
600 600
99.74 600
600 600
600 600
600 600
0.01 0.02
600 600
600 600
600 600
234.23 600
33.22 32.67
33.07 32.97
600 600
600 600
600 600
0.06 0.07
0.00 0.00
0.18 0.43
3.01 0.07
0.71 0.20
0.05 0.00
0.01 0.01
0.00 0.01
0.01 5.20
0.01 0.00
0.39 0.09
0.01 0.01
0.40 0.01
0.03 5.70
0.46 0.00
0.00 0.00
6.07 9.20
0.06 9.54
9.20 9.68
0.00 0.02
0.00 5.45
0.01 0.01
0.18 0.00
0.00 0.00
0.08 0.57
9.21 13.03
0.00 0.00
0.01 0.02
0.01 0.02
0.01 6.21
9.40 9.39
0.02 0.01
0.01 0.00
0.00 0.01
0.01 0.08
0.00 0.04
0.00 0.04
0.00 0.03
0.00 0.01
0.03 0.19
0.02 0.02
0.01 0.00
0.00 0.01
0.00 0.01
0.00 0.04
0.00 0.03
0.01 0.03
0.01 0.06
0.03 0.51
0.01 0.00
0.00 0.02
0.01 25.96
0.01 26.00
0.03 14.21
0.01 0.06
24.27 0.06
30.80 0.06
0.07 0.58
0.01 5.38
0.00 5.46
0.00 5.61
0.01 5.58
0.01 5.59
0.01 5.80
0.00 5.63
0.00 5.65
0.00 0.01
0.26 120.38
0.09 160.34
0.07 25.67
25.00 24.53
0.01 0.05
0.00 0.00
0.00 0.01
0.01 0.02
0.01 0.00
0.01 0.20
0.01 0.06
7.65 12.64
0.00 0.00
0.00 0.01
0.01 144.94
0.02 39.17
0.00 0.02
0.00 600
0.06 2.67
0.00 0.12
0.00 0.13
0.00 0.13
0.01 0.12
0.05 13.02
0.05 13.07
0.19 9.50
0.20 9.52
0.00 0.01
0.00 0.01
0.00 0.00
0.08 5.82
5.67 5.78
0.18 0.03
0.18 0.02
0.00 0.00
0.05 0.18
5.69 14.84
0.06 0.07
0.01 0.01
0.07 1.90
0.26 0.29
0.25 0.30
0.03 0.12
0.01 0.22
0.01 6.31
0.01 0.04
0.01 0.01
0.01 0.01
0.01 0.01
0.01 0.01
0.01 0.01
0.00 0.00
0.00 0.00
0.00 0.00
0.01 0.01
0.01 0.01
0.00 0.00
0.00 0.01
0.01 0.83
0.06 0.05
0.00 0.00
0.01 0.00
0.01 0.00
0.01 0.00
0.00 0.01
0.01 0.00
0.01 0.00
0.01 0.00
0.01 0.00
0.00 0.01
0.00 0.01
0.01 0.01
0.00 0.01
0.05 3.98
0.05 0.03
0.04 0.02
0.28 85.70
0.01 0.10
0.04 0.56
0.04 0.56
0.03 0.55
0.04 0.54
0.04 0.54
0.04 0.55
0.04 0.55
0.04 0.55
0.04 0.55
0.04 0.56
0.02 0.15
0.02 13.04
0.01 0.16
0.02 0.19
0.01 0.02
0.04 0.18
0.05 0.18
0.01 0.03
0.00 0.01
0.02 0.02
0.01 12.98
0.00 0.01
0.01 0.01
0.02 13.02
0.02 13.06
0.01 0.02
0.12 10.96
0.01 0.08
600 600
600 600
600 600
