.01600000000000000000 .02000000000000000000
.02400000000000000000 .02400000000000000000
.02400000000000000000 .02400000000000000000
.01600000000000000000 .02000000000000000000
.01200000000000000000 .01600000000000000000
.01600000000000000000 .02400000000000000000
.02400000000000000000 .02400000000000000000
.01600000000000000000 .01200000000000000000
.02400000000000000000 .02400000000000000000
.02400000000000000000 .01600000000000000000
.01600000000000000000 .01600000000000000000
.02400000000000000000 .01600000000000000000
.02000000000000000000 .02000000000000000000
.01600000000000000000 .02000000000000000000
.01600000000000000000 .02000000000000000000
.02000000000000000000 .02000000000000000000
.01600000000000000000 .01600000000000000000
.02000000000000000000 .01600000000000000000
.01200000000000000000 .02000000000000000000
.02000000000000000000 .02000000000000000000
.02000000000000000000 .01600000000000000000
.02400000000000000000 .02000000000000000000
.01200000000000000000 600
.02000000000000000000 .02400000000000000000
.01200000000000000000 .01600000000000000000
.01600000000000000000 .01600000000000000000
.01200000000000000000 .01600000000000000000
.02000000000000000000 .02400000000000000000
.02000000000000000000 600
.02000000000000000000 .02000000000000000000
.02000000000000000000 .02400000000000000000
.01200000000000000000 .02000000000000000000
.02000000000000000000 .02800000000000000000
.02000000000000000000 .05600000000000000000
1.92800000000000000000 600
.01600000000000000000 .02400000000000000000
.32000000000000000000 .02800000000000000000
.02000000000000000000 .02000000000000000000
600 600
.02000000000000000000 .02000000000000000000
.02000000000000000000 .00800000000000000000
.02000000000000000000 .02000000000000000000
.02000000000000000000 .01600000000000000000
.02400000000000000000 .01600000000000000000
.02000000000000000000 .02000000000000000000
.02000000000000000000 .01600000000000000000
.02400000000000000000 .01600000000000000000
.01200000000000000000 51.13900000000000000000
.02000000000000000000 .02000000000000000000
.01600000000000000000 .02400000000000000000
.02400000000000000000 .06800000000000000000
.01600000000000000000 .01600000000000000000
.02000000000000000000 .02000000000000000000
.02800000000000000000 .03600000000000000000
600 600
.02000000000000000000 .02000000000000000000
.02400000000000000000 .02000000000000000000
.04800000000000000000 .02000000000000000000
600 600
600 600
600 600
.01600000000000000000 .00800000000000000000
600 600
600 600
600 600
600 600
600 600
600 600
600 600
600 .02000000000000000000
600 .36000000000000000000
600 2.38000000000000000000
600 1.25200000000000000000
600 3.06000000000000000000
.02400000000000000000 .03200000000000000000
.08400000000000000000 .08800000000000000000
600 600
600 600
.01200000000000000000 .00400000000000000000
.01200000000000000000 .00800000000000000000
.01200000000000000000 .00800000000000000000
.01200000000000000000 600
.01200000000000000000 .00800000000000000000
.01200000000000000000 .01200000000000000000
600 600
.01200000000000000000 .01200000000000000000
.23600000000000000000 .18000000000000000000
.23600000000000000000 .08800000000000000000
.32400000000000000000 .08400000000000000000
.23200000000000000000 .09600000000000000000
.22400000000000000000 .09200000000000000000
600 .13200000000000000000
.08800000000000000000 .08000000000000000000
.08800000000000000000 .08000000000000000000
.10000000000000000000 .11200000000000000000
600 .08400000000000000000
.22800000000000000000 .07600000000000000000
600 .13600000000000000000
.63600000000000000000 .12800000000000000000
600 .14000000000000000000
.17200000000000000000 .08800000000000000000
.17200000000000000000 600
600 .08000000000000000000
.03600000000000000000 600
.10000000000000000000 .08400000000000000000
600 600
600 .10800000000000000000
.00800000000000000000 .00800000000000000000
.03600000000000000000 .08000000000000000000
.01200000000000000000 .01200000000000000000
.02800000000000000000 .08400000000000000000
600 .11200000000000000000
.03200000000000000000 .07600000000000000000
600 600
600 600
.08800000000000000000 .08800000000000000000
.00800000000000000000 .01200000000000000000
.05200000000000000000 600
.03200000000000000000 .07600000000000000000
.01200000000000000000 .01600000000000000000
.01200000000000000000 .00800000000000000000
.01200000000000000000 .01200000000000000000
600 600
.00800000000000000000 .00800000000000000000
600 600
600 600
.03200000000000000000 .06400000000000000000
.03200000000000000000 .08000000000000000000
600 600
.03200000000000000000 .06800000000000000000
.00800000000000000000 .01200000000000000000
.02000000000000000000 .07200000000000000000
600 600
600 600
600 600
600 600
600 600
600 600
600 600
.01600000000000000000 .01200000000000000000
.00800000000000000000 .01600000000000000000
600 .08400000000000000000
600 600
600 600
600 600
600 600
600 600
600 600
.01600000000000000000 .01200000000000000000
.01200000000000000000 .01600000000000000000
.00800000000000000000 .00800000000000000000
600 .07600000000000000000
600 .07200000000000000000
600 .08000000000000000000
.03200000000000000000 600
.12000000000000000000 .08800000000000000000
.09600000000000000000 .08400000000000000000
.04000000000000000000 .06400000000000000000
.03600000000000000000 .08000000000000000000
.10000000000000000000 .08800000000000000000
.05200000000000000000 .08000000000000000000
.03600000000000000000 .07600000000000000000
600 .36000000000000000000
600 .10000000000000000000
600 .07600000000000000000
600 .07200000000000000000
600 .08000000000000000000
.01600000000000000000 .01200000000000000000
.01200000000000000000 .00800000000000000000
.00400000000000000000 .01200000000000000000
600 .08800000000000000000
.17600000000000000000 .10000000000000000000
600 .10800000000000000000
.12400000000000000000 .08800000000000000000
.11600000000000000000 .08400000000000000000
600 .12000000000000000000
.08000000000000000000 .09600000000000000000
.25200000000000000000 .09600000000000000000
.07600000000000000000 .07600000000000000000
.08800000000000000000 .08400000000000000000
600 .14000000000000000000
.00800000000000000000 .01600000000000000000
600 .10400000000000000000
.01200000000000000000 .01200000000000000000
.05200000000000000000 .08400000000000000000
.00800000000000000000 .01200000000000000000
600 .09200000000000000000
.11600000000000000000 .11200000000000000000
600 600
600 600
.01600000000000000000 .01600000000000000000
600 600
.02000000000000000000 .01600000000000000000
.01600000000000000000 .02000000000000000000
.03200000000000000000 .07200000000000000000
.02800000000000000000 .06400000000000000000
.02800000000000000000 .06400000000000000000
.03200000000000000000 .07200000000000000000
.02400000000000000000 .06400000000000000000
.03200000000000000000 .07600000000000000000
.03200000000000000000 .07200000000000000000
.02800000000000000000 .07600000000000000000
.03200000000000000000 .07600000000000000000
.03200000000000000000 .07600000000000000000
.02800000000000000000 .07200000000000000000
.02800000000000000000 .07200000000000000000
.02400000000000000000 .06000000000000000000
.02400000000000000000 .06800000000000000000
.02000000000000000000 .06400000000000000000
.02400000000000000000 .06000000000000000000
.02800000000000000000 .07600000000000000000
.02400000000000000000 .07200000000000000000
.02400000000000000000 .07200000000000000000
.03200000000000000000 .07600000000000000000
.02800000000000000000 .06400000000000000000
.02000000000000000000 .07600000000000000000
.02800000000000000000 .07600000000000000000
.03600000000000000000 .07200000000000000000
.02400000000000000000 .07200000000000000000
.02400000000000000000 .06800000000000000000
.03200000000000000000 .06400000000000000000
.03200000000000000000 .07600000000000000000
.03200000000000000000 .06800000000000000000
.02800000000000000000 .07200000000000000000
.02800000000000000000 600
.03600000000000000000 600
.02400000000000000000 600
.03200000000000000000 .08000000000000000000
.03200000000000000000 .07200000000000000000
.03200000000000000000 .08000000000000000000
.03200000000000000000 .06800000000000000000
.02400000000000000000 .07200000000000000000
.03200000000000000000 .07600000000000000000
.03200000000000000000 .08000000000000000000
.03600000000000000000 .08000000000000000000
.03200000000000000000 .08000000000000000000
.02800000000000000000 .07600000000000000000
.03200000000000000000 .07200000000000000000
.02400000000000000000 .08000000000000000000
.02400000000000000000 .08000000000000000000
.02800000000000000000 .06800000000000000000
.02800000000000000000 .07600000000000000000
.03600000000000000000 600
.03200000000000000000 .07600000000000000000
.02400000000000000000 .06800000000000000000
.02800000000000000000 .07200000000000000000
.02400000000000000000 .07600000000000000000
.03200000000000000000 .07200000000000000000
.02800000000000000000 .06000000000000000000
.03600000000000000000 600
.03200000000000000000 600
.02400000000000000000 .07600000000000000000
.02800000000000000000 600
.02800000000000000000 .07600000000000000000
.03200000000000000000 .07200000000000000000
.02800000000000000000 .08000000000000000000
.02800000000000000000 .07200000000000000000
.03200000000000000000 .08000000000000000000
.02800000000000000000 .06400000000000000000
.31200000000000000000 .07200000000000000000
.03200000000000000000 .08000000000000000000
.03200000000000000000 .07600000000000000000
.02800000000000000000 .07600000000000000000
.04000000000000000000 .07200000000000000000
.02400000000000000000 .07600000000000000000
.09200000000000000000 .07200000000000000000
.26000000000000000000 .08800000000000000000
.02800000000000000000 .08000000000000000000
.24800000000000000000 .07600000000000000000
.25200000000000000000 .07200000000000000000
.02400000000000000000 .08000000000000000000
.02800000000000000000 .07200000000000000000
.02800000000000000000 .06800000000000000000
.02800000000000000000 .06400000000000000000
.02400000000000000000 .07200000000000000000
.02400000000000000000 .07200000000000000000
.03200000000000000000 .07600000000000000000
.02800000000000000000 .07200000000000000000
.03200000000000000000 .06400000000000000000
.03200000000000000000 .07200000000000000000
.02400000000000000000 .07200000000000000000
.02800000000000000000 .06800000000000000000
.03200000000000000000 .08000000000000000000
.02800000000000000000 .07600000000000000000
.02400000000000000000 .07200000000000000000
.02400000000000000000 .06800000000000000000
.03200000000000000000 .07600000000000000000
.03200000000000000000 .06400000000000000000
.02800000000000000000 .07600000000000000000
.02800000000000000000 .08000000000000000000
.03200000000000000000 .07200000000000000000
.03200000000000000000 .06800000000000000000
.03200000000000000000 .07200000000000000000
600 600
600 .16000000000000000000
600 .20000000000000000000
600 .20800000000000000000
600 3.04800000000000000000
600 1.52800000000000000000
600 .11200000000000000000
600 .32000000000000000000
600 16.33300000000000000000
600 600
600 600
600 600
600 .04400000000000000000
.02000000000000000000 .03600000000000000000
600 600
.01600000000000000000 .03600000000000000000
.02000000000000000000 .03200000000000000000
600 1.84800000000000000000
600 600
600 3.22000000000000000000
600 600
600 600
600 4.02800000000000000000
600 13.32500000000000000000
34.81800000000000000000 4.02400000000000000000
600 .55200000000000000000
600 600
.02000000000000000000 600
.02400000000000000000 600
.02400000000000000000 600
.02400000000000000000 600
.02400000000000000000 600
.02400000000000000000 600
600 600
