.01600000000000000000 .02000000000000000000
.02400000000000000000
.02400000000000000000
.01600000000000000000
.01200000000000000000 .01600000000000000000
.01600000000000000000
.02400000000000000000
.01600000000000000000 .01200000000000000000
.02400000000000000000
.02400000000000000000
.01600000000000000000 .01600000000000000000
.02400000000000000000
.02000000000000000000 .02000000000000000000
.01600000000000000000
.01600000000000000000 .02000000000000000000
.02000000000000000000
.01600000000000000000 .01600000000000000000
.02000000000000000000
.01200000000000000000 .02000000000000000000
.02000000000000000000
.02000000000000000000 .01600000000000000000
.02400000000000000000
.01200000000000000000 600
.02000000000000000000
.01200000000000000000
.01600000000000000000 .01600000000000000000
.01200000000000000000
.02000000000000000000
.02000000000000000000 600
.02000000000000000000
.02000000000000000000
.01200000000000000000 .02000000000000000000
.02000000000000000000
.02000000000000000000 .05600000000000000000
1.92800000000000000000
.01600000000000000000 .02400000000000000000
