.02000000000000000000 .01600000000000000000
.02000000000000000000 .01200000000000000000
.02000000000000000000 .01600000000000000000
.02000000000000000000 .02400000000000000000
.01200000000000000000 .02000000000000000000
.01200000000000000000 .02400000000000000000
.02000000000000000000 .02400000000000000000
.02000000000000000000 .02000000000000000000
.02000000000000000000 .02400000000000000000
.01600000000000000000 .02400000000000000000
.02000000000000000000 .01600000000000000000
.01600000000000000000 .02400000000000000000
.02000000000000000000 .02000000000000000000
.01200000000000000000 .02000000000000000000
.02000000000000000000 .02000000000000000000
.02000000000000000000 .02000000000000000000
.02000000000000000000 .02000000000000000000
.02000000000000000000 .02000000000000000000
.01600000000000000000 .01600000000000000000
.02400000000000000000 .02800000000000000000
.02000000000000000000 .02000000000000000000
.01600000000000000000 .02000000000000000000
.01600000000000000000 600
.01600000000000000000 .01600000000000000000
.01600000000000000000 .02000000000000000000
.00800000000000000000 .02000000000000000000
.02000000000000000000 .01600000000000000000
.02000000000000000000 .02000000000000000000
.02000000000000000000 600
.02400000000000000000 .02000000000000000000
.02000000000000000000 .02400000000000000000
.02000000000000000000 .01200000000000000000
.01600000000000000000 .02000000000000000000
.02000000000000000000 .06400000000000000000
2.07600000000000000000 600
.02000000000000000000 .02000000000000000000
.22000000000000000000 .02000000000000000000
.01200000000000000000 .01600000000000000000
600 600
.01600000000000000000 .02000000000000000000
.02000000000000000000 .02000000000000000000
.02000000000000000000 .02400000000000000000
.01600000000000000000 .01200000000000000000
.02000000000000000000 .02000000000000000000
.01600000000000000000 .02000000000000000000
.01600000000000000000 .02000000000000000000
.02000000000000000000 .02400000000000000000
.01200000000000000000 164.19800000000000000000
.02000000000000000000 .02000000000000000000
.02000000000000000000 .02400000000000000000
.02800000000000000000 .02800000000000000000
.01600000000000000000 .01200000000000000000
.01600000000000000000 .02400000000000000000
.02400000000000000000 .04000000000000000000
600 600
.01600000000000000000 .01200000000000000000
.02000000000000000000 .02000000000000000000
.03200000000000000000 .02000000000000000000
600 600
600 600
600 600
.00400000000000000000 .01200000000000000000
600 600
600 600
600 600
600 600
600 600
600 600
600 600
600 .02000000000000000000
600 .33600000000000000000
600 2.11600000000000000000
600 1.10400000000000000000
600 2.71200000000000000000
.02400000000000000000 .02000000000000000000
.08400000000000000000 .09200000000000000000
600 600
600 600
.00800000000000000000 .00800000000000000000
.01200000000000000000 .00400000000000000000
.00800000000000000000 .00800000000000000000
.00400000000000000000 600
.00400000000000000000 .01200000000000000000
.01200000000000000000 .01200000000000000000
600 600
.01200000000000000000 .01200000000000000000
.24400000000000000000 .18800000000000000000
.21600000000000000000 .08400000000000000000
.25600000000000000000 .08800000000000000000
.25200000000000000000 .08400000000000000000
.17600000000000000000 .09200000000000000000
600 .12400000000000000000
.08800000000000000000 .06400000000000000000
.07600000000000000000 .07200000000000000000
.22400000000000000000 .09200000000000000000
600 .07600000000000000000
.16400000000000000000 .08400000000000000000
600 .12800000000000000000
.65600000000000000000 .12000000000000000000
600 .14000000000000000000
.12800000000000000000 .08000000000000000000
.16800000000000000000 600
600 .09200000000000000000
.03600000000000000000 600
.11200000000000000000 .08400000000000000000
600 600
600 .09600000000000000000
.00800000000000000000 .01200000000000000000
.03200000000000000000 .07200000000000000000
.01600000000000000000 .00400000000000000000
.02800000000000000000 .07200000000000000000
600 .10000000000000000000
.03200000000000000000 .06800000000000000000
600 600
600 600
.06400000000000000000 .07600000000000000000
.00800000000000000000 .01200000000000000000
.04800000000000000000 600
.03200000000000000000 .06800000000000000000
.01200000000000000000 .01200000000000000000
.00800000000000000000 .01200000000000000000
.00800000000000000000 .01200000000000000000
600 600
.01200000000000000000 .00400000000000000000
600 600
600 600
.02400000000000000000 .07200000000000000000
.03200000000000000000 .06800000000000000000
600 600
.02400000000000000000 .07600000000000000000
.01200000000000000000 .01200000000000000000
.03200000000000000000 .06800000000000000000
600 600
600 600
600 600
600 600
600 600
600 600
600 600
.01600000000000000000 .00400000000000000000
.01200000000000000000 .01600000000000000000
600 .07600000000000000000
600 600
600 600
600 600
600 600
600 600
600 600
.01600000000000000000 .00800000000000000000
.00400000000000000000 .01200000000000000000
.01200000000000000000 .00400000000000000000
600 .06800000000000000000
600 .07600000000000000000
600 .08000000000000000000
.03600000000000000000 600
.12000000000000000000 .07200000000000000000
.11600000000000000000 .08000000000000000000
.07200000000000000000 .08000000000000000000
.06800000000000000000 .08000000000000000000
.10800000000000000000 .08800000000000000000
.06400000000000000000 .08000000000000000000
.05600000000000000000 .08000000000000000000
600 .19600000000000000000
600 .09600000000000000000
600 .07600000000000000000
600 .06800000000000000000
600 .07600000000000000000
.01200000000000000000 .01200000000000000000
.01200000000000000000 .01200000000000000000
.01200000000000000000 .00800000000000000000
600 .08800000000000000000
.28800000000000000000 .10000000000000000000
600 .11200000000000000000
.13600000000000000000 .08000000000000000000
.31200000000000000000 .09200000000000000000
600 .11600000000000000000
.14400000000000000000 .10000000000000000000
.16800000000000000000 .08800000000000000000
.08400000000000000000 .08000000000000000000
.23600000000000000000 .08400000000000000000
600 .12400000000000000000
.01200000000000000000 .01200000000000000000
600 .09600000000000000000
.01200000000000000000 .01200000000000000000
.06400000000000000000 .08400000000000000000
.00800000000000000000 .01200000000000000000
600 .08000000000000000000
.12000000000000000000 .10800000000000000000
600 600
600 600
.01200000000000000000 .01200000000000000000
600 600
.01600000000000000000 .01600000000000000000
.01200000000000000000 .01600000000000000000
.03200000000000000000 .07600000000000000000
.02800000000000000000 .07200000000000000000
.03200000000000000000 .06800000000000000000
.02400000000000000000 .07200000000000000000
.03200000000000000000 .06800000000000000000
.03200000000000000000 .07200000000000000000
.03200000000000000000 .07200000000000000000
.02800000000000000000 .07600000000000000000
.02800000000000000000 .06800000000000000000
.02800000000000000000 .07200000000000000000
.02400000000000000000 .07600000000000000000
.02400000000000000000 .07600000000000000000
.02000000000000000000 .06800000000000000000
.02400000000000000000 .06400000000000000000
.02400000000000000000 .06800000000000000000
.02000000000000000000 .06800000000000000000
.03200000000000000000 .06800000000000000000
.03200000000000000000 .06800000000000000000
.02800000000000000000 .07600000000000000000
.02800000000000000000 .06800000000000000000
.02800000000000000000 .07200000000000000000
.02800000000000000000 .07200000000000000000
.02400000000000000000 .06800000000000000000
.03200000000000000000 .08000000000000000000
.03600000000000000000 .06800000000000000000
.02800000000000000000 .06400000000000000000
.03200000000000000000 .06800000000000000000
.03200000000000000000 .08400000000000000000
.02800000000000000000 .07200000000000000000
.03200000000000000000 .06800000000000000000
.03600000000000000000 600
.03600000000000000000 600
.02800000000000000000 600
.02800000000000000000 .07600000000000000000
.03600000000000000000 .07200000000000000000
.02800000000000000000 .08000000000000000000
.02400000000000000000 .07200000000000000000
.03200000000000000000 .07600000000000000000
.02800000000000000000 .08000000000000000000
.02400000000000000000 .06800000000000000000
.02800000000000000000 .07600000000000000000
.03200000000000000000 .06800000000000000000
.03600000000000000000 .07600000000000000000
.03200000000000000000 .07600000000000000000
.03600000000000000000 .08000000000000000000
.03200000000000000000 .07200000000000000000
.02800000000000000000 .07200000000000000000
.03200000000000000000 .06000000000000000000
.04000000000000000000 600
.02400000000000000000 .07200000000000000000
.03200000000000000000 .07200000000000000000
.02800000000000000000 .07600000000000000000
.02800000000000000000 .07600000000000000000
.03200000000000000000 .06400000000000000000
.02400000000000000000 .07200000000000000000
.03600000000000000000 600
.02800000000000000000 600
.03600000000000000000 .08400000000000000000
.03200000000000000000 600
.03200000000000000000 .07600000000000000000
.03200000000000000000 .07200000000000000000
.03200000000000000000 .08000000000000000000
.03200000000000000000 .08000000000000000000
.03600000000000000000 .08000000000000000000
.02800000000000000000 .07200000000000000000
.32400000000000000000 .07600000000000000000
.03600000000000000000 .08000000000000000000
.02800000000000000000 .07200000000000000000
.03200000000000000000 .07200000000000000000
.04000000000000000000 .07200000000000000000
.02800000000000000000 .07200000000000000000
.09200000000000000000 .07200000000000000000
.25600000000000000000 .07600000000000000000
.03200000000000000000 .06800000000000000000
.26000000000000000000 .08000000000000000000
.25600000000000000000 .08400000000000000000
.02400000000000000000 .06800000000000000000
.02800000000000000000 .06800000000000000000
.03200000000000000000 .06400000000000000000
.03200000000000000000 .07600000000000000000
.02400000000000000000 .07600000000000000000
.02400000000000000000 .07600000000000000000
.03200000000000000000 .07600000000000000000
.02800000000000000000 .07200000000000000000
.03200000000000000000 .07600000000000000000
.03200000000000000000 .07600000000000000000
.03200000000000000000 .07200000000000000000
.02800000000000000000 .07600000000000000000
.03200000000000000000 .08000000000000000000
.03200000000000000000 .07200000000000000000
.03600000000000000000 .07200000000000000000
.03600000000000000000 .07600000000000000000
.03600000000000000000 .06800000000000000000
.02800000000000000000 .07600000000000000000
.03600000000000000000 .07200000000000000000
.03600000000000000000 .07200000000000000000
.02800000000000000000 .07200000000000000000
.02800000000000000000 .07200000000000000000
.03200000000000000000 .07200000000000000000
600 600
600 .45600000000000000000
600 .18800000000000000000
600 .29600000000000000000
600 5.97200000000000000000
600 3.91200000000000000000
600 .10800000000000000000
600 .34800000000000000000
600 2.47200000000000000000
600 600
600 600
600 600
600 .04800000000000000000
.02000000000000000000 .02800000000000000000
600 600
.02400000000000000000 .03600000000000000000
.01200000000000000000 .02000000000000000000
107.28700000000000000000 1.11600000000000000000
600 600
600 5.38400000000000000000
600 600
600 600
600 7.18000000000000000000
600 13.42500000000000000000
600 3.97600000000000000000
600 .84400000000000000000
600 600
.02800000000000000000 600
.02400000000000000000 600
.01600000000000000000 600
.02400000000000000000 600
.02400000000000000000 600
.02000000000000000000 600
600 600
