0.02 0.00
600 600
0.52 0.46
600 20.24
600 600
600 600
600 600
0.01 0.01
0.02 0.00
0.01 0.02
0.01 0.02
0.02 0.02
0.02 0.01
0.01 0.01
0.01 0.02
0.02 0.02
0.02 0.02
0.02 0.02
0.02 0.01
0.01 0.01
0.02 0.03
0.02 0.02
0.01 0.02
0.01 0.01
0.03 0.01
0.02 0.01
0.02 0.01
0.01 0.01
0.01 0.01
0.02 0.02
0.02 0.00
0.01 0.01
0.01 0.02
0.01 0.01
0.00 0.01
0.02 0.02
0.01 0.02
0.00 0.02
0.04 0.02
0.02 0.02
0.01 0.01
0.03 0.03
0.03 0.02
0.02 0.01
0.03 0.02
0.03 0.02
0.00 0.01
0.02 0.04
0.02 0.02
0.00 0.01
0.02 0.02
0.02 0.02
0.01 0.02
0.00 0.02
0.01 0.02
0.01 0.01
0.02 0.02
0.01 0.02
0.01 0.02
0.02 0.02
0.02 0.02
0.01 0.02
0.03 0.04
0.03 0.02
0.01 0.02
0.03 0.04
0.01 0.01
0.02 0.01
0.03 0.03
0.06 0.02
0.02 0.02
0.03 0.01
0.02 0.02
0.01 0.02
0.02 0.02
0.08 0.02
0.02 0.02
0.02 0.02
0.02 0.02
0.02 0.02
0.02 0.02
0.04 0.01
0.02 0.02
0.03 0.03
0.04 0.01
0.02 0.01
0.03 0.02
0.02 0.02
0.02 0.01
0.03 35.63
0.02 0.01
0.02 0.01
0.04 0.03
0.02 0.02
0.06 0.02
0.04 0.12
0.03 0.01
0.02 0.01
0.02 0.01
0.02 0.02
0.01 0.01
0.02 0.02
0.02 0.02
0.02 0.02
0.03 0.01
0.02 0.02
0.01 0.02
0.02 0.02
0.02 0.02
0.01 0.01
0.02 0.02
0.02 0.02
0.02 0.02
0.01 0.02
0.02 0.02
0.02 0.02
0.01 0.01
0.02 0.02
0.01 0.00
0.01 0.00
0.01 0.02
0.01 0.02
0.00 0.02
0.01 0.02
0.01 0.01
0.01 0.01
0.01 0.02
0.00 0.01
0.02 0.01
0.01 0.02
0.02 0.01
0.02 0.00
0.04 0.02
0.01 0.01
600 0.01
0.02 0.01
0.02 0.02
0.02 0.01
0.01 0.05
0.04 0.02
0.01 0.01
0.02 0.01
0.02 0.01
0.01 0.01
0.01 0.01
0.01 0.01
0.01 0.00
0.01 0.01
0.02 0.02
0.01 0.00
0.01 0.01
0.01 0.02
0.02 0.01
0.01 0.02
0.02 0.02
0.01 0.00
0.01 0.01
0.01 0.02
0.03 0.02
0.02 0.02
0.02 0.02
0.14 0.02
0.04 0.02
0.02 0.01
0.02 0.02
0.01 0.01
0.02 0.02
0.01 0.02
0.01 0.01
0.02 0.02
0.01 0.02
0.01 0.02
0.02 0.01
0.02 0.02
0.01 0.02
600 0.13
0.12 0.02
0.02 0.02
0.02 0.02
0.01 0.02
0.03 0.02
0.02 0.02
0.13 0.02
0.04 0.03
0.02 0.02
0.02 0.02
0.02 0.02
0.02 0.02
0.02 0.02
0.02 0.02
0.02 0.02
0.02 0.01
0.01 0.02
0.01 0.02
0.01 0.02
0.02 0.02
0.02 0.02
0.02 0.02
0.02 0.02
0.02 0.02
0.01 0.01
0.02 0.02
0.02 0.02
0.02 0.01
0.02 0.02
0.02 0.02
0.02 0.02
0.02 0.02
0.02 0.02
0.02 0.02
0.02 0.01
0.02 0.02
0.02 0.02
0.02 0.02
0.01 0.01
0.02 0.02
0.02 0.02
0.02 0.02
0.02 0.02
0.01 0.02
0.01 0.02
0.02 0.01
600 0.25
0.05 0.02
0.02 0.02
0.01 0.02
0.02 0.02
0.02 0.02
0.01 0.02
0.02 0.01
0.02 0.02
600 1.22
600 1.28
0.02 0.11
0.02 0.02
0.02 0.80
0.02 0.02
0.02 1.26
0.02 0.02
0.02 0.02
0.01 0.02
0.02 0.02
0.02 0.02
0.01 0.02
0.02 0.02
0.02 0.02
0.05 0.04
600 0.04
600 600
600 0.05
600 0.16
0.05 0.06
600 25.76
600 0.06
0.15 0.10
600 0.06
600 2.72
600 2.14
600 0.10
600 0.58
600 4.22
0.06 0.07
600 0.08
600 0.10
600 0.10
600 59.05
600 600
600 5.48
600 600
600 62.79
600 7.23
600 7.22
600 0.10
53.47 0.08
600 0.20
22.92 5.82
600 19.28
600 19.42
600 24.47
1.16 0.42
600 600
600 600
0.20 0.13
600 223.12
600 19.15
600 19.22
600 19.14
600 62.20
0.02 0.02
600 600
0.01 0.01
0.12 0.01
0.02 0.01
600 600
600 600
0.00 0.01
0.02 0.01
600 600
600 600
600 600
600 600
0.01 0.06
0.15 600
0.02 600
0.10 600
0.02 0.01
0.02 0.03
600 600
0.01 0.01
0.02 0.01
0.01 0.03
0.16 0.00
0.04 0.01
0.16 0.02
0.03 0.02
600 0.01
600 0.12
4.18 0.02
0.10 0.12
600 600
600 0.00
600 0.02
0.03 0.02
0.02 0.02
0.01 0.01
7.02 0.02
0.19 0.01
600 600
600 600
600 0.01
0.38 0.02
0.09 0.01
16.81 0.04
600 0.02
0.11 0.02
0.10 0.02
6.10 2.50
39.46 0.01
4.76 0.00
4.41 0.01
0.03 0.01
600 600
14.87 0.01
600 0.01
0.02 0.01
0.01 0.01
0.01 0.02
1.92 0.01
4.10 0.01
0.01 0.02
0.04 0.02
0.10 0.01
0.05 0.01
0.04 0.01
6.82 0.02
25.82 0.02
3.47 0.11
2.80 0.01
600 0.01
600 0.01
600 600
600 0.02
600 0.02
600 0.01
600 0.01
600 0.01
600 0.01
600 0.02
600 0.02
0.06 0.02
600 0.11
600 0.47
0.01 0.01
50.15 0.04
0.02 0.01
0.01 0.01
600 0.01
0.02 0.02
600 0.01
0.06 0.05
600 0.00
0.01 0.02
0.16 0.02
0.16 0.01
600 0.02
67.53 0.01
0.02 0.02
600 0.02
600 0.03
0.02 9.78
0.01 5.88
0.01 0.22
0.02 8.26
600 0.02
600 0.01
600 0.02
600 0.02
600 0.02
600 0.01
600 0.01
600 600
600 600
600 0.02
600 0.02
0.02 0.05
0.01 0.02
80.64 600
0.02 0.01
0.30 0.01
0.28 600
600 600
600 600
1.28 0.02
0.02 0.46
600 0.59
1.63 0.02
0.18 0.01
39.25 0.01
16.93 0.02
0.07 0.00
0.08 0.02
600 0.02
231.41 0.02
0.08 0.01
17.94 0.02
0.07 0.02
109.22 0.02
0.07 0.01
2.71 0.03
1.71 0.02
0.95 0.01
0.28 0.02
1.79 0.02
600 0.01
20.60 0.02
74.74 0.02
0.08 0.02
4.31 0.02
13.73 0.02
1.38 0.02
600 0.01
0.08 0.02
0.03 0.02
0.04 0.09
600 0.14
600 0.11
5.59 600
0.06 0.03
600 0.02
600 0.02
600 0.02
600 0.01
600 0.02
600 0.01
600 0.01
8.65 0.02
600 0.02
0.22 0.02
0.20 0.09
0.18 0.04
0.24 600
1.69 0.02
0.70 0.09
600 0.18
600 0.19
600 0.05
0.02 0.02
0.02 0.44
0.10 0.05
0.08 0.02
0.03 0.02
1.20 0.08
600 0.12
0.09 0.02
600 0.34
0.10 0.03
