600 0.33
600 600
600 0.02
600 600
600 600
600 600
600 600
600 600
600 600
600 600
600 600
0.02 0.02
0.02 0.02
0.02 0.03
0.02 0.02
0.02 0.02
0.01 0.01
0.02 0.02
0.01 0.01
0.02 0.03
0.01 0.01
0.01 0.01
0.00 0.02
0.01 0.01
0.02 0.02
0.02 0.02
0.00 0.01
0.01 0.02
0.01 0.01
0.01 0.01
0.01 0.01
0.03 0.02
0.02 0.02
0.01 0.01
600 600
0.52 0.52
600 600
600 600
600 600
600 600
600 600
600 600
600 600
0.02 0.02
600 600
600 600
600 600
0.02 0.02
600 600
600 600
600 600
600 600
600 600
600 600
600 600
600 600
600 0.04
600 0.03
600 0.26
600 600
600 600
600 600
600 600
600 600
600 600
600 600
600 600
600 600
600 600
0.01 600
600 600
600 0.02
600 0.01
600 600
600 600
600 600
600 600
600 600
0.01 0.02
600 600
600 600
600 600
600 600
600 600
600 600
600 600
600 600
600 600
0.01 0.01
600 600
600 600
600 600
600 600
600 600
600 600
600 600
600 600
600 600
600 600
600 600
600 600
0.01 600
600 600
600 600
600 600
600 600
600 600
600 600
0.01 0.02
600 600
600 600
600 600
600 600
600 600
600 600
600 18.70
600 51.37
0.95 0.38
0.01 0.01
0.02 0.02
0.01 0.02
0.01 0.02
0.02 0.02
0.02 0.03
0.01 0.01
0.01 0.03
0.02 0.04
0.02 0.01
0.02 0.02
0.02 0.02
0.01 0.01
0.02 0.04
0.02 0.03
0.01 0.02
0.01 0.02
0.03 0.03
0.02 0.00
0.02 0.01
0.01 0.02
0.01 0.02
0.02 0.05
0.02 0.03
0.01 0.02
0.01 0.01
0.01 0.03
0.00 0.02
0.02 0.03
0.01 0.04
0.00 0.02
0.04 0.05
0.02 0.02
0.01 0.01
0.03 0.06
0.03 0.03
0.02 0.02
0.03 0.06
0.03 0.02
0.00 0.01
0.02 0.02
0.02 0.03
0.00 0.02
0.02 0.03
0.02 0.03
0.01 0.02
0.00 0.02
0.01 0.03
0.01 0.02
0.02 0.03
0.01 0.02
0.01 0.01
0.02 0.04
0.02 0.03
0.01 0.01
0.03 0.04
0.03 0.03
0.01 0.02
0.03 0.04
0.01 0.03
0.02 0.02
0.03 0.05
0.06 0.02
0.02 0.03
0.03 0.03
0.02 0.03
0.01 0.02
0.02 0.02
0.08 0.02
0.02 0.02
0.02 0.02
0.02 0.03
0.02 0.02
0.02 0.02
0.04 0.03
0.02 0.02
0.03 0.04
0.04 0.02
0.02 0.02
0.03 0.03
0.02 0.04
0.02 0.02
0.03 2.66
0.02 0.03
0.02 0.02
0.04 73.74
0.02 0.02
0.06 0.02
0.04 0.06
0.03 0.03
0.02 0.02
0.02 0.02
0.02 0.03
0.01 0.02
0.02 0.03
0.02 0.02
0.02 0.01
0.03 0.05
0.02 0.03
0.01 0.02
0.02 0.03
0.02 0.03
0.01 0.02
0.02 0.02
0.02 0.02
0.02 0.02
0.01 0.04
0.02 0.03
0.02 0.02
0.01 0.02
0.02 0.02
0.01 0.02
0.01 0.02
0.01 0.03
0.01 0.02
0.00 0.02
0.01 0.03
0.01 0.02
0.01 0.02
0.01 0.02
0.00 0.02
0.02 0.02
0.01 0.03
0.02 0.02
0.02 0.01
0.04 0.02
0.01 0.01
600 0.02
0.02 0.02
0.02 0.02
0.02 0.01
0.01 0.06
0.04 0.06
0.01 0.02
0.02 0.02
0.02 0.02
0.01 0.02
0.01 0.02
0.01 0.02
0.01 0.02
0.01 0.02
0.02 0.02
0.01 0.02
0.01 0.02
0.01 0.02
0.02 0.02
0.01 0.02
0.02 0.03
0.01 0.02
0.01 0.02
0.01 0.03
0.03 0.04
0.02 0.04
0.02 0.04
0.14 0.02
0.04 0.02
0.02 0.03
0.02 0.03
0.01 0.02
0.02 0.02
0.01 0.05
0.01 0.02
0.02 0.03
0.01 0.02
0.01 0.04
0.02 0.02
0.02 0.04
0.01 0.02
600 0.22
0.12 0.04
0.02 0.01
0.02 0.03
0.01 0.02
0.03 0.04
0.02 0.02
0.13 0.04
0.04 0.04
0.02 0.04
0.02 0.03
0.02 0.04
0.02 0.02
0.02 0.04
0.02 0.03
0.02 0.04
0.02 0.02
0.01 0.05
0.01 0.02
0.01 0.04
0.02 0.02
0.02 0.04
0.02 0.02
0.02 0.04
0.02 0.02
0.01 0.04
0.02 0.03
0.02 0.04
0.02 0.03
0.02 0.04
0.02 0.02
0.02 0.03
0.02 0.02
0.02 0.04
0.02 0.02
0.02 0.04
0.02 0.02
0.02 0.04
0.02 0.03
0.01 0.04
0.02 0.02
0.02 0.04
0.02 0.02
0.02 0.04
0.01 0.03
0.01 0.04
0.02 0.02
600 0.48
0.05 0.04
0.02 0.02
0.01 0.04
0.02 0.03
0.02 0.04
0.01 0.02
0.02 0.04
0.02 0.03
600 4.15
600 3.14
0.02 0.29
0.02 0.02
0.02 1.05
0.02 0.03
0.02 600
0.02 0.02
0.02 0.02
0.01 0.02
0.02 0.02
0.02 0.03
0.01 0.02
0.02 0.02
0.02 0.02
0.05 0.06
600 0.04
600 600
600 0.04
600 0.10
0.05 0.04
600 1.33
600 0.08
0.15 0.11
600 0.05
600 19.08
600 9.32
600 0.10
600 0.58
600 4.16
0.06 0.06
600 0.07
600 0.09
600 0.10
600 56.85
600 600
600 5.44
600 600
600 62.08
600 63.49
600 7.43
600 0.10
53.47 0.07
600 0.20
22.92 5.62
600 600
600 600
600 600
1.16 0.44
600 600
600 600
0.20 0.14
600 252.72
600 600
600 600
600 600
600 600
0.02 0.02
0.02 0.01
600 600
0.01 0.01
0.12 0.01
0.02 0.02
600 600
600 600
0.00 0.01
0.02 0.01
600 600
600 600
600 600
600 600
0.01 0.02
0.15 5.52
0.02 0.03
0.10 600
0.02 0.02
0.02 0.02
600 0.14
0.02 600
0.03 600
0.02 0.02
0.02 0.02
0.02 0.10
0.01 0.04
0.02 0.04
0.01 0.03
0.16 0.02
0.04 0.02
0.16 0.04
0.03 0.04
600 0.02
600 0.17
4.18 0.01
0.10 0.15
600 600
600 0.02
600 0.03
0.03 0.02
0.02 0.10
0.01 0.01
7.02 0.02
0.19 0.01
600 600
600 600
600 0.02
0.38 0.04
0.09 0.03
16.81 0.06
600 0.02
0.11 0.02
0.10 0.03
6.10 3.08
39.46 0.02
4.76 0.02
4.41 0.02
0.03 0.02
600 600
14.87 0.03
600 0.02
0.02 0.02
0.01 0.02
0.01 0.02
1.92 0.02
4.10 0.01
0.01 0.03
0.04 0.02
0.10 0.04
0.05 0.02
0.04 0.02
6.82 0.02
25.82 0.02
3.47 0.31
2.80 0.03
600 0.02
600 0.04
600 0.54
600 0.04
600 0.04
600 0.06
600 0.05
600 0.05
600 0.04
600 0.05
600 0.04
0.06 0.02
600 0.31
600 1.22
0.01 0.02
50.15 0.15
0.02 0.02
0.01 0.02
600 0.02
0.02 0.02
600 0.02
0.06 0.04
600 0.03
0.01 0.02
0.16 0.02
0.16 0.03
600 0.02
67.53 0.02
0.02 0.05
600 0.02
600 0.04
0.02 32.66
0.01 9.33
0.01 16.15
0.02 46.53
600 0.03
600 0.03
600 0.05
600 0.05
600 0.03
600 0.03
600 0.02
600 600
600 600
600 0.04
600 0.05
0.02 0.04
0.01 0.03
80.64 600
0.02 0.02
0.30 0.02
0.28 0.14
600 600
600 600
1.28 0.02
0.02 3.25
600 5.24
1.63 0.02
0.18 0.03
39.25 0.03
16.93 0.03
0.07 0.04
0.08 0.02
600 0.04
231.41 0.02
0.08 0.03
17.94 0.03
0.07 0.03
109.22 0.03
0.07 0.02
2.71 0.05
1.71 0.03
0.95 0.02
0.28 0.04
1.79 0.03
600 0.03
20.60 0.03
74.74 0.03
0.08 0.03
4.31 0.02
13.73 0.03
1.38 0.03
600 0.02
0.08 0.03
0.03 0.02
0.04 0.84
600 0.16
600 0.20
5.59 600
0.06 3.96
600 0.04
600 0.04
600 0.05
600 0.05
600 0.04
600 0.05
600 0.04
8.65 0.05
600 0.05
0.22 0.06
0.20 0.65
0.18 0.08
0.24 0.14
1.69 0.08
0.70 0.67
600 10.36
600 7.32
600 0.09
0.02 0.03
0.02 0.62
0.10 0.10
0.08 0.04
0.03 0.08
1.20 1.11
600 600
0.09 0.04
600 0.33
0.10 0.10
0.02 0.01
0.01 0.01
