600 0.01
600 0.02
0.00 0.00
0.00 0.00
600 0.38
600 0.14
0.00 0.00
0.00 0.00
0.00 0.00
0.00 0.00
0.00 0.00
0.00 0.01
0.00 0.00
0.00 0.00
0.00 0.00
0.00 0.00
0.00 0.01
0.00 0.01
0.00 0.00
0.00 0.00
0.00 0.00
0.00 0.00
0.00 0.00
0.00 0.00
0.00 0.00
0.00 0.00
0.00 0.00
0.00 0.00
0.02 0.02
0.01 0.01
600 600
600 600
0.29 0.29
0.31 0.30
1.72 2.12
1.22 1.41
600 600
600 0.02
600 0.02
600 600
0.02 0.01
600 600
600 600
600 600
0.01 0.02
600 600
600 600
600 600
600 600
600 600
600 600
600 600
0.01 0.01
600 0.02
600 0.10
600 600
0.03 0.02
600 600
600 0.02
600 600
600 600
600 600
600 600
600 600
600 600
600 600
0.00 0.02
0.00 0.01
600 0.02
600 0.20
600 25.82
0.19 0.02
600 600
600 600
600 0.02
600 600
0.00 0.00
600 600
600 600
600 600
600 600
600 600
600 600
600 600
600 600
600 600
0.18 600
0.00 0.01
600 600
0.01 0.02
600 600
600 600
600 600
600 600
600 600
600 600
600 600
600 600
600 600
600 600
600 600
600 600
600 600
600 600
600 600
0.24 600
600 600
600 600
0.00 0.01
600 600
600 600
600 600
600 600
600 600
600 600
600 600
600 600
0.59 0.30
0.00 0.00
600 0.01
0.01 0.02
600 0.00
0.00 0.01
0.02 0.02
600 600
600 0.01
0.01 0.04
0.00 0.01
600 0.02
0.01 0.03
0.00 0.00
600 0.02
0.01 0.03
0.08 0.02
600 0.01
0.02 0.03
0.00 0.01
0.00 0.01
0.01 0.03
0.00 600
600 600
0.02 0.04
0.00 0.01
0.00 0.00
0.01 0.03
0.00 0.01
600 0.03
0.01 0.04
0.00 600
600 600
0.01 0.04
0.01 600
600 600
0.03 0.04
0.00 0.02
600 600
0.02 0.03
0.00 0.01
600 0.02
0.00 0.02
0.00 0.01
600 0.01
0.01 0.03
0.00 0.01
0.00 0.01
0.01 0.03
0.09 0.01
600 0.01
0.01 0.04
0.01 600
600 600
0.01 0.04
0.01 600
600 600
0.03 0.03
0.00 600
600 600
0.01 0.03
600 600
600 600
0.03 0.02
600 0.01
0.00 0.03
0.02 0.04
600 0.00
600 600
0.02 0.03
600 0.01
600 0.01
0.02 0.03
600 0.01
600 0.04
0.02 0.04
8.83 0.02
600 0.02
0.02 0.04
600 0.02
0.01 0.02
0.02 0.06
600 0.01
600 0.03
0.02 0.04
600 0.02
600 0.03
0.01 0.04
0.74 0.01
600 0.02
0.03 0.04
0.00 0.00
600 0.01
0.01 0.04
600 600
600 0.01
0.02 0.03
600 0.01
600 0.01
0.01 0.04
0.00 0.01
600 0.02
0.01 0.03
0.00 0.01
600 0.01
0.01 0.04
0.00 0.02
600 0.01
0.03 0.04
0.00 0.00
0.00 0.01
0.01 0.03
0.00 0.01
0.00 0.01
0.00 0.02
0.00 0.00
0.00 0.01
0.01 0.02
0.00 0.01
0.00 0.01
0.00 0.02
0.00 0.02
0.00 0.01
0.00 0.03
0.00 0.02
0.00 0.02
0.02 0.02
600 0.02
0.04 0.02
600 0.02
0.00 0.02
600 0.02
0.01 600
600 600
0.00 0.01
0.00 0.01
0.01 0.03
0.00 0.00
0.01 0.01
0.02 0.02
0.00 0.02
0.00 0.01
0.01 0.03
0.00 0.01
0.00 0.01
0.01 0.03
0.00 0.00
0.00 0.01
0.01 0.03
0.00 0.02
0.00 0.02
0.00 0.03
0.36 0.01
0.01 0.02
0.02 0.02
0.02 0.02
0.03 0.02
0.02 0.03
600 600
0.00 600
600 600
0.01 600
0.00 600
600 600
0.01 600
0.01 0.03
0.02 0.03
0.01 0.03
0.00 0.01
600 600
0.85 0.04
0.02 0.03
0.01 0.03
0.02 0.02
0.11 0.04
0.01 0.03
9.39 0.04
0.26 0.81
0.01 0.03
0.00 0.00
0.01 0.04
0.01 0.02
0.01 0.04
0.02 0.02
0.01 0.05
0.01 0.03
0.00 0.04
0.01 0.02
0.01 0.04
0.02 0.02
0.01 0.04
0.00 0.02
0.00 0.04
0.01 0.02
0.01 0.04
0.01 0.02
0.01 0.03
0.01 0.02
0.01 0.04
0.01 0.01
0.00 0.02
0.02 0.02
0.00 0.04
0.01 0.01
0.01 0.03
0.01 0.02
0.01 0.04
0.02 0.02
0.00 0.03
0.01 0.02
0.01 0.04
0.01 0.03
0.01 0.02
0.01 0.02
0.01 0.05
0.02 0.02
600 600
0.29 0.06
0.05 0.14
0.00 0.04
0.00 0.01
0.01 0.04
0.00 0.02
0.02 0.05
0.01 0.02
600 600
600 600
0.01 600
0.02 0.03
0.04 600
0.02 0.03
0.04 600
0.03 0.04
0.00 0.04
0.01 0.02
0.01 0.02
0.04 0.06
0.01 0.02
0.02 0.05
0.01 0.03
600 600
0.06 0.16
600 600
600 600
0.00 0.00
0.00 0.02
600 0.00
600 0.00
600 0.08
0.00 94.83
0.00 0.00
97.31 600
600 600
600 600
600 600
0.00 600
0.01 600
0.00 600
0.02 600
0.00 0.01
0.00 600
0.02 600
0.16 600
0.04 600
600 600
600 600
600 600
0.00 0.03
0.02 0.18
0.00 600
600 600
600 0.01
600 8.80
600 0.06
0.02 0.01
600 0.08
0.11 0.00
600 6.19
600 600
0.29 0.07
0.24 26.12
600 0.42
0.00 0.06
0.00 0.01
0.34 0.03
0.01 0.01
600 600
600 600
1.83 0.02
600 0.04
600 0.08
600 600
3.40 0.02
600 2.74
600 1.01
600 600
66.16 0.02
90.72 0.02
235.64 0.02
600 0.01
30.28 0.14
0.22 0.04
222.45 0.02
0.00 0.02
0.00 0.01
0.01 0.35
0.44 0.24
0.37 0.25
0.00 0.02
0.01 0.02
0.18 0.03
600 0.02
0.36 0.02
1.02 0.02
1.01 0.07
56.83 600
0.44 0.02
600 0.06
600 0.06
600 600
0.18 0.45
0.19 0.53
0.20 0.54
0.13 0.44
2.25 1.10
1.54 1.11
0.38 0.54
0.24 0.54
0.03 0.02
600 600
600 600
4.62 0.11
600 600
0.08 0.02
0.00 0.03
600 0.04
0.01 0.03
600 0.04
600 600
600 0.04
0.01 0.03
0.01 0.01
600 0.03
0.64 0.03
600 0.03
0.00 0.04
1.89 0.05
600 0.08
0.01 600
0.01 600
0.01 600
0.01 600
0.03 0.04
0.02 0.04
7.39 0.06
7.47 0.08
600 0.03
600 0.03
600 0.04
600 600
600 600
3.16 0.02
3.20 0.02
600 600
0.02 0.04
600 600
0.01 0.12
600 0.03
600 600
600 600
600 600
600 0.02
0.01 600
600 600
0.48 0.05
15.38 0.04
15.38 0.03
6.08 0.03
6.36 0.03
15.66 0.03
15.42 0.04
3.33 0.04
3.38 0.03
3.39 0.03
3.42 0.04
6.48 0.03
7.98 0.02
0.01 0.03
0.04 0.06
3.59 0.04
3.57 0.03
5.98 0.04
6.02 0.04
3.56 0.02
3.66 0.03
3.62 0.04
3.59 0.04
3.56 0.04
3.65 0.04
6.14 0.04
6.00 0.04
0.04 0.03
600 600
11.91 0.07
11.48 0.07
600 600
600 600
600 0.04
600 0.05
600 0.04
600 0.06
600 0.06
600 0.06
600 0.05
600 0.06
600 0.06
600 0.06
600 600
600 0.09
600 600
600 0.16
600 600
600 600
600 600
0.04 0.05
0.02 0.06
0.02 0.39
600 600
600 0.08
0.03 0.12
600 600
600 600
600 0.07
600 0.26
600 600
600 600
0.00 0.00
