0.01 0.01
0.01 0.02
0.01 0.02
0.01 0.02
0.01 0.02
0.01 0.02
0.01 0.02
0.01 0.02
0.01 0.02
0.01 0.02
0.01 0.03
0.01 2.06
0.01 0.01
0.01 0.04
0.01 0.02
0.01 0.03
0.01 0.02
0.01 0.03
1.32 0.08
1.32 3.65
1.11 0.07
1.11 3.45
0.05 1.98
0.04 0.03
0.01 0.04
0.01 0.04
0.00 0.60
0.01 0.02
0.04 1.99
0.03 0.04
0.00 0.04
0.00 0.23
0.01 0.04
0.02 0.04
0.05 0.06
0.04 0.03
0.05 0.03
0.01 0.11
600 600
0.01 0.01
0.01 0.03
0.02 0.04
0.00 0.01
0.01 0.03
0.01 0.03
0.00 0.01
0.00 0.03
0.00 2.00
0.02 0.02
31.60 0.33
0.05 600
0.00 0.02
0.02 0.02
0.03 0.23
600 600
0.01 0.02
0.01 0.02
0.03 0.11
600 600
600 600
600 600
0.01 0.03
600 600
600 600
600 600
600 600
600 600
600 600
600 600
1.75 600
600 600
600 600
600 600
600 600
0.18 0.01
2.82 0.04
1.26 13.78
15.17 600
0.01 0.00
0.00 0.01
0.01 0.01
0.01 600
0.01 0.03
0.01 0.01
0.02 0.01
0.01 0.01
0.05 1.89
0.05 1.80
0.04 1.84
0.05 4.09
0.04 0.61
0.07 1.93
0.02 0.14
0.02 0.12
0.09 0.29
0.07 0.48
0.06 1.36
600 1.65
0.15 3.93
0.03 13.08
0.06 0.94
0.04 600
600 0.44
0.01 600
0.07 0.08
0.02 0.01
600 0.36
0.01 0.02
0.06 0.04
0.02 0.02
0.04 0.03
600 0.52
0.02 0.04
600 600
600 600
0.08 0.27
0.01 0.01
0.01 600
0.02 0.02
0.02 0.02
0.01 0.02
0.02 0.02
0.01 0.01
0.01 0.02
0.01 0.01
0.01 0.01
0.01 0.02
0.01 0.01
0.02 0.01
0.05 0.02
0.00 0.02
0.01 0.02
0.01 0.02
0.01 0.01
0.02 0.01
0.01 0.00
0.01 0.01
0.01 0.01
0.01 0.01
0.02 0.01
0.02 0.02
600 0.28
0.01 0.01
0.02 0.00
0.01 0.01
0.02 0.01
0.01 0.01
0.01 0.02
0.02 0.02
0.02 0.02
0.02 0.02
7.55 0.27
1.28 0.24
1.27 0.24
0.03 600
0.09 0.13
0.08 0.11
0.05 0.06
0.05 0.04
0.06 0.09
0.08 0.05
0.04 0.05
600 600
600 0.46
0.62 0.22
1.30 0.22
1.28 0.27
0.01 0.02
0.01 0.02
0.02 0.01
600 0.46
0.16 0.38
600 0.38
1.32 0.34
0.58 3.42
600 0.46
0.06 3.42
0.12 0.08
0.12 0.12
0.08 0.10
600 0.65
0.02 0.02
600 0.40
0.01 0.02
0.07 0.23
0.01 0.02
600 0.24
0.18 0.40
0.01 0.01
600 600
0.02 0.02
600 2.15
0.02 0.02
0.02 0.02
0.03 0.22
0.03 0.20
0.04 0.22
0.03 0.12
0.04 0.21
0.04 0.13
0.01 0.04
0.02 0.04
0.02 0.02
0.02 0.03
0.03 0.03
0.02 0.03
0.02 0.01
0.01 0.02
0.01 0.02
0.01 0.02
0.02 0.02
0.02 0.02
0.02 0.05
0.02 0.06
0.06 0.14
0.03 0.02
0.02 0.04
0.02 0.28
0.06 0.18
0.03 0.02
0.02 0.04
0.02 0.28
0.02 0.30
0.02 0.34
0.02 600
0.02 600
0.02 600
0.02 0.04
0.10 0.18
0.01 0.04
0.02 0.04
0.02 0.04
0.01 0.04
0.01 0.04
0.02 0.03
0.02 0.08
0.01 0.04
0.02 0.04
0.02 0.04
0.02 0.04
0.02 0.03
0.02 0.03
0.03 600
0.04 0.03
0.02 0.03
0.02 0.04
0.02 0.03
0.02 0.04
0.03 0.03
0.02 600
0.02 600
0.02 0.04
0.02 600
0.01 0.03
0.02 0.04
0.02 0.04
0.02 0.03
0.02 0.04
0.02 0.04
0.02 0.04
0.02 0.04
0.03 0.04
0.02 0.04
0.03 0.26
0.03 0.26
0.02 0.03
0.02 0.05
0.02 0.40
0.01 0.04
0.01 0.03
0.02 0.04
0.02 0.03
0.02 0.03
0.02 0.02
0.02 0.02
0.02 0.02
0.01 0.03
0.02 0.02
0.02 0.03
0.02 0.03
0.02 0.03
0.03 0.58
0.02 0.03
0.02 0.03
0.02 0.02
0.02 0.03
0.02 0.03
0.02 0.03
0.01 0.03
0.02 0.03
0.02 0.03
0.02 0.02
0.02 0.02
8.50 600
3.32 4.53
2.57 10.59
34.35 31.02
8.90 0.17
2.72 4.54
2.92 4.27
1.35 0.16
1.92 0.30
0.08 600
8.74 600
8.14 600
6.97 4.69
0.06 10.57
0.30 600
0.06 3.59
0.05 10.68
0.28 10.65
0.48 600
600 600
1.34 600
1.33 600
9.17 600
9.15 600
600 600
1.36 600
1.38 600
8.46 600
1.34 600
1.33 600
7.83 600
1.32 600
1.30 600
1.42 600
