600 600
600 600
600 600
117.91 600
65.02 600
244.66 600
77.65 600
600 600
600 600
600 600
0.00 0.00
600 600
3.19 1.06
3.20 600
4.66 11.08
0.16 0.08
3.27 12.49
2.90 11.69
600 600
103.93 600
600 600
0.16 600
0.43 187.45
0.68 0.48
0.12 6.40
271.52 3.38
17.70 600
0.14 0.13
0.14 0.14
73.28 600
0.24 600
263.65 600
0.01 0.00
0.00 0.00
0.09 0.03
0.00 0.00
0.00 0.00
0.00 0.01
0.01 0.00
0.00 0.06
0.20 0.16
0.02 0.00
0.01 0.00
0.06 0.03
0.00 0.00
0.00 0.00
0.01 0.01
0.01 0.01
0.00 0.05
0.02 0.08
0.00 0.00
0.00 0.00
0.00 0.01
0.10 0.39
3.06 3.62
0.03 0.01
0.00 0.00
0.00 0.00
0.00 0.00
0.00 0.00
0.00 0.00
0.01 0.01
0.01 0.20
0.01 0.08
0.01 0.01
0.02 0.21
0.02 0.14
0.01 0.01
0.02 0.20
0.01 0.19
0.00 0.01
0.00 0.00
0.00 0.00
0.00 0.01
0.02 0.00
0.01 0.01
0.36 0.15
0.00 0.00
0.00 0.00
0.00 0.00
0.01 0.00
0.01 0.06
0.22 0.18
0.07 0.40
0.80 3.63
0.06 0.02
0.01 0.01
0.01 0.00
0.01 0.02
0.00 0.00
0.00 0.01
0.01 0.02
0.02 0.01
0.01 0.00
0.00 0.02
0.06 10.91
0.02 0.07
7.94 0.03
0.00 0.00
0.00 0.00
0.01 0.01
0.01 0.08
0.02 0.01
0.01 0.03
0.01 0.07
0.01 0.01
0.01 0.04
0.00 0.13
0.02 0.94
0.01 0.03
0.02 10.82
0.02 0.08
57.79 0.08
0.01 0.08
0.03 0.00
0.03 0.07
0.02 0.08
0.02 0.01
0.02 0.08
0.01 0.09
0.02 16.99
0.02 0.07
0.01 0.00
0.01 0.01
0.05 0.07
0.02 0.01
0.00 0.00
0.21 0.16
0.04 0.02
0.04 0.01
0.19 0.19
0.05 0.03
0.02 0.05
0.62 0.26
0.03 0.01
0.01 0.01
0.06 0.02
0.01 0.01
0.01 0.00
0.56 600
0.00 0.51
0.00 0.44
0.00 0.01
0.00 0.00
0.00 0.00
0.00 0.00
0.00 0.00
0.00 0.00
0.00 0.01
0.00 0.01
0.00 0.01
0.00 0.01
0.00 0.02
0.01 0.03
0.01 0.04
0.00 0.00
0.00 0.00
0.00 0.01
0.00 0.01
0.00 0.01
0.01 0.01
0.00 0.01
0.00 0.01
0.02 1.35
0.02 1.62
0.00 0.00
0.00 0.00
0.00 0.00
0.00 0.00
0.00 0.00
0.00 0.02
0.00 0.01
0.00 0.00
0.00 0.01
0.00 0.00
0.00 0.00
0.01 0.01
0.00 0.00
0.00 0.00
0.01 0.01
0.03 0.01
0.02 0.02
0.01 0.04
0.17 19.24
0.03 11.59
0.01 0.05
0.03 0.04
0.02 0.05
0.02 0.30
0.00 0.01
0.00 0.00
0.00 0.00
0.00 0.00
0.00 0.00
0.00 0.00
0.00 0.01
0.00 0.00
0.00 0.01
0.00 0.00
0.00 0.00
0.53 40.63
0.05 0.01
0.00 0.00
0.00 0.01
0.00 0.00
0.00 0.01
0.00 0.01
0.01 0.01
0.01 0.00
0.00 0.00
0.00 0.00
0.00 0.00
0.00 0.00
0.00 0.00
0.00 0.00
0.00 0.00
0.00 0.00
0.00 0.00
0.00 0.00
0.00 0.00
0.00 0.00
0.00 0.00
0.00 0.00
0.00 0.00
0.00 0.00
0.00 0.00
0.00 0.00
0.00 0.00
0.00 0.00
0.00 0.00
0.00 0.00
0.00 0.00
0.00 0.00
0.00 0.00
0.00 0.00
0.00 0.00
0.00 0.00
0.00 0.00
0.00 0.00
0.00 0.00
0.00 0.00
0.00 0.00
0.00 0.00
0.00 0.00
0.00 0.00
0.00 0.00
0.00 0.00
0.68 50.93
0.01 0.06
0.12 0.12
0.00 0.00
0.00 0.00
0.00 0.00
0.00 0.00
0.01 0.00
0.01 0.00
0.06 19.46
0.06 17.54
0.00 0.01
0.00 0.01
0.01 0.01
0.01 0.00
0.01 0.00
0.01 0.00
0.00 0.00
0.00 0.00
0.00 0.01
0.01 0.00
0.01 0.00
0.00 0.00
0.00 0.01
10.33 0.01
1.88 0.01
600 0.01
600 0.00
600 0.01
0.23 0.01
600 0.02
600 0.02
600 0.02
600 0.01
600 0.02
600 0.02
600 0.02
600 0.02
600 0.02
600 0.02
600 0.02
600 0.02
600 0.02
600 0.02
600 0.02
600 0.02
600 0.02
600 0.02
0.43 0.03
0.03 0.02
600 0.03
8.21 0.03
600 0.02
6.44 0.03
600 0.03
600 0.04
600 0.03
600 0.03
600 0.03
600 0.04
600 0.03
600 0.03
600 0.03
600 0.04
600 0.06
0.36 0.02
0.00 0.00
0.00 0.01
0.01 0.01
0.01 0.00
0.01 0.01
0.01 0.01
0.00 0.00
0.00 0.01
0.01 0.01
0.00 0.01
0.00 0.01
0.01 0.01
0.01 0.01
0.02 0.34
0.01 0.05
0.02 0.18
0.01 0.08
0.01 0.13
0.01 0.06
0.18 0.51
0.04 0.13
0.04 0.16
0.04 0.14
0.02 0.01
0.01 0.02
0.01 0.02
0.01 0.01
0.01 0.02
0.01 0.02
0.02 0.02
0.01 0.01
0.01 0.01
0.01 0.02
0.02 0.02
0.02 0.42
0.07 0.11
0.02 0.03
0.02 0.02
0.02 0.02
600 600
0.01 0.01
0.00 0.01
0.00 0.00
0.01 0.01
0.01 0.01
0.01 0.00
0.01 0.01
0.00 0.00
0.00 0.03
0.03 0.30
0.14 23.17
600 600
0.01 0.00
0.01 0.02
2.94 122.22
600 600
0.01 0.01
0.02 0.01
0.30 600
600 600
118.75 600
0.05 1.08
600 600
600 600
2.76 5.57
49.12 146.46
162.38 600
86.06 246.10
142.86 600
0.00 0.01
0.12 600
0.80 0.11
17.84 27.80
0.01 0.01
12.11 5.70
0.06 0.06
0.01 0.02
0.11 0.21
600 600
600 600
0.00 0.00
600 600
600 600
600 600
600 600
600 600
600 600
600 600
0.46 0.82
3.53 80.75
8.44 17.18
0.01 0.00
600 600
600 600
0.00 0.00
0.00 0.00
600 600
0.00 0.00
0.02 0.02
0.00 0.01
0.00 0.00
0.01 0.01
0.00 0.00
0.00 0.00
0.01 0.01
0.01 0.01
600 600
0.02 0.02
0.00 0.01
0.05 0.07
0.07 0.05
0.09 0.08
0.05 0.05
0.11 0.04
0.10 0.04
0.00 0.00
0.02 0.02
0.00 0.00
0.00 0.00
0.01 0.00
0.06 0.05
0.01 0.01
0.01 0.01
0.04 0.03
0.07 0.07
0.22 0.20
2.37 0.21
0.09 0.09
0.09 0.08
0.72 0.08
0.74 0.09
0.02 0.02
0.01 0.01
0.14 0.49
3.01 100.23
106.62 600
28.44 600
8.71 92.19
1.76 0.04
600 600
1.26 1.94
166.67 600
0.06 0.46
600 600
0.03 0.01
0.36 0.04
0.13 0.14
1.88 2.56
13.51 11.17
0.13 0.36
75.63 600
0.14 0.18
0.26 0.02
600 600
152.40 600
600 600
0.01 0.02
0.01 0.00
0.02 0.01
0.01 0.01
0.01 0.02
0.01 0.02
0.01 0.01
0.01 0.01
0.01 0.01
0.01 0.02
0.01 0.01
0.01 0.01
0.01 0.02
600 600
0.07 0.13
0.10 0.13
172.90 600
160.49 600
0.02 0.02
0.47 0.02
0.01 0.02
0.01 0.01
0.08 0.02
24.10 600
0.00 0.01
0.10 0.07
0.01 0.01
0.01 0.02
0.02 0.01
0.01 0.01
0.02 0.02
0.01 0.02
0.01 0.02
0.02 0.03
0.01 0.01
0.01 0.02
0.02 0.12
0.01 0.05
0.03 600
0.07 0.40
0.04 0.04
0.04 0.03
0.11 0.11
0.02 0.01
0.03 0.02
0.05 0.03
19.74 20.84
0.01 0.02
0.02 0.02
0.32 0.65
0.39 0.65
0.19 0.24
0.19 0.24
0.00 0.00
0.02 0.00
125.09 22.38
0.00 0.00
600 600
600 600
600 600
600 600
600 600
600 600
0.26 0.46
0.00 0.00
0.00 0.00
0.04 0.04
3.79 1.21
0.00 0.04
0.03 0.05
10.00 80.02
0.01 0.21
0.00 0.01
0.17 11.43
72.80 600
0.11 0.51
0.00 0.01
600 600
600 600
0.00 0.00
600 600
0.00 0.00
0.12 0.18
0.02 0.02
65.18 184.17
0.01 0.01
0.07 2.49
27.32 26.73
0.05 0.16
0.04 21.51
0.01 0.01
0.01 0.01
0.01 0.00
0.02 0.01
0.02 0.42
0.00 0.02
0.10 0.02
0.03 7.02
0.02 0.04
600 600
0.01 0.02
24.35 600
0.03 0.03
0.00 0.01
0.04 0.04
0.01 0.02
600 600
0.35 0.90
600 600
0.00 0.00
31.48 35.39
0.00 0.00
600 600
0.03 0.02
0.84 14.55
0.08 0.07
0.05 0.02
0.08 0.90
0.05 0.06
600 600
25.62 22.81
82.77 65.92
600 600
600 600
0.25 0.88
600 600
600 600
600 600
600 600
600 600
0.06 0.05
1.98 1.43
0.03 0.03
0.04 0.04
600 600
600 600
600 600
600 600
600 600
600 600
0.05 0.06
600 600
0.52 108.78
600 600
0.05 0.09
600 600
600 600
600 600
600 600
600 600
600 600
600 600
600 600
600 600
600 600
600 600
2.78 2.42
600 600
600 600
0.16 0.14
600 600
0.07 0.07
600 600
0.09 0.09
2.61 2.98
600 600
600 600
2.56 2.28
0.08 0.08
0.24 0.22
600 600
600 600
600 600
600 600
0.18 0.12
600 600
600 600
600 600
600 600
600 600
0.09 2.87
600 600
600 600
3.72 3.21
600 600
600 600
600 600
6.11 5.95
1.32 1.35
1.79 1.18
600 600
0.12 0.11
0.12 0.37
600 600
0.40 600
600 600
600 600
600 600
600 600
600 600
600 600
600 600
0.28 0.25
600 600
600 600
600 600
0.14 0.13
600 600
0.14 0.08
600 600
0.00 0.00
0.14 0.32
600 600
600 600
1.52 1.58
74.42 85.97
24.94 22.26
600 600
600 600
600 600
600 600
600 600
600 600
0.18 0.18
600 600
600 600
600 600
600 600
600 600
600 600
600 600
600 600
600 600
600 600
600 600
600 600
600 600
600 600
0.88 0.83
0.69 0.69
600 600
158.92 148.25
0.40 0.50
0.44 0.47
600 600
600 600
600 600
600 600
600 600
600 600
600 600
600 600
600 600
0.64 0.71
9.22 9.51
7.90 5.79
0.67 0.68
65.60 64.17
38.14 25.02
0.89 0.99
600 600
600 600
600 600
600 600
600 600
600 600
600 600
600 600
600 600
8.23 8.40
1.00 0.90
62.64 60.40
600 600
600 600
109.31 121.95
0.80 0.80
0.89 0.73
44.44 71.15
1.54 1.38
600 600
600 600
600 600
600 600
600 600
600 600
600 600
600 600
1.26 1.20
600 600
600 600
600 600
600 600
127.19 600
600 600
600 600
46.89 38.09
600 600
600 600
600 600
2.07 2.20
600 600
1.96 2.09
600 600
600 600
600 600
1.44 1.41
84.50 85.60
600 600
600 600
600 600
9.03 7.89
600 600
600 600
600 600
600 600
600 600
600 600
600 600
600 600
20.22 22.40
600 600
600 600
183.73 69.73
600 600
1.75 1.84
600 600
600 600
600 600
600 600
600 600
600 600
600 600
600 600
0.12 0.12
600 600
600 600
600 600
600 600
3.66 3.87
3.39 4.16
600 600
600 600
17.04 14.84
600 600
600 600
600 600
600 600
600 600
600 600
600 600
600 600
600 600
600 600
600 600
600 600
600 600
600 600
164.06 107.76
16.78 15.08
0.00 0.00
0.01 0.08
0.00 0.01
0.00 0.28
0.00 0.01
0.01 0.07
0.00 0.10
0.00 0.01
0.01 0.01
600 600
7.18 600
13.36 600
13.29 600
600 600
600 600
0.03 600
0.05 600
0.11 600
0.84 600
600 600
600 600
600 600
600 600
109.18 600
600 600
600 600
0.03 0.03
44.68 600
0.01 0.01
600 600
0.01 0.01
0.10 0.05
0.01 0.01
0.04 0.02
600 600
0.08 0.05
600 600
600 600
43.33 600
0.00 0.01
0.22 31.22
0.03 0.02
0.01 0.01
0.01 0.01
0.01 0.00
0.01 0.01
0.00 0.01
0.01 0.01
0.01 0.01
0.00 0.03
0.00 0.02
0.01 0.01
0.02 0.04
0.01 0.01
0.02 0.04
0.00 0.00
0.00 0.01
0.01 0.01
0.01 0.01
0.01 0.01
0.01 0.01
0.01 0.01
0.00 0.02
0.00 0.02
600 600
0.00 0.01
0.00 0.01
0.00 0.01
0.01 0.01
0.01 0.01
0.01 0.01
0.01 0.01
0.01 0.01
0.01 0.01
600 600
11.68 5.73
10.10 2.51
0.02 0.03
0.22 600
31.04 600
0.50 161.23
0.52 106.77
0.21 600
0.03 0.04
0.35 0.57
600 600
600 600
0.22 0.12
600 6.01
0.22 0.12
0.01 0.01
0.01 0.01
0.01 0.01
600 600
261.03 600
600 600
600 600
0.60 600
600 600
0.79 600
264.28 600
0.42 93.69
0.64 600
600 600
0.00 0.01
600 600
0.00 0.01
0.39 79.90
0.00 0.01
600 600
0.66 175.81
0.01 0.00
600 600
0.01 0.01
600 600
0.01 0.03
0.01 0.03
0.03 0.11
0.03 0.12
0.03 0.10
0.03 0.11
0.04 0.10
0.03 0.11
0.02 0.03
0.02 0.03
0.02 0.03
0.02 0.03
0.02 0.03
0.02 0.03
0.00 0.01
0.01 0.01
0.00 0.01
0.00 0.01
0.00 0.01
0.01 0.01
0.03 0.02
0.03 0.03
0.08 17.26
0.02 0.02
0.02 0.06
0.02 0.06
0.09 13.47
0.02 0.02
0.02 0.06
0.02 0.06
0.03 46.57
0.02 47.38
0.10 0.05
0.12 0.06
0.01 0.03
0.02 0.04
0.03 70.67
0.03 0.03
0.02 0.03
0.02 0.04
0.03 0.03
0.03 0.02
0.02 0.04
81.32 600
0.03 0.03
0.03 0.03
0.02 0.04
0.02 0.03
0.02 0.02
0.03 0.02
0.03 0.37
0.02 0.22
0.02 0.03
0.02 0.02
0.02 0.04
0.02 0.03
0.02 0.02
0.03 0.03
0.02 0.02
0.02 0.03
0.03 0.02
0.03 0.03
0.02 0.03
0.02 0.03
0.03 0.03
0.03 0.03
0.03 0.03
0.04 0.03
0.02 0.03
0.44 0.15
0.43 0.15
14.71 600
116.16 600
0.03 0.03
0.04 0.04
0.02 0.03
0.03 0.03
0.03 0.04
0.03 0.03
0.01 0.01
0.00 0.01
0.01 0.01
0.01 0.01
0.01 0.01
0.01 0.01
0.01 0.01
0.01 0.01
0.01 0.01
0.00 0.01
0.58 0.48
0.01 0.01
0.01 0.01
0.00 0.01
0.01 0.01
0.01 0.01
0.01 0.01
0.01 0.01
0.01 0.01
0.01 0.01
0.01 0.01
0.01 0.01
0.00 0.00
0.00 0.01
0.00 0.00
0.00 0.01
0.01 0.01
0.01 0.01
0.02 0.02
600 600
0.01 0.01
0.01 0.03
0.01 0.00
0.00 0.01
0.01 0.01
0.01 0.00
0.05 0.09
0.11 0.37
600 600
600 600
600 600
0.01 0.00
0.01 0.02
0.00 0.00
0.00 0.00
0.01 0.00
0.00 0.00
0.00 0.00
0.01 0.00
0.04 0.18
0.00 0.00
600 600
0.30 1.01
0.00 0.00
0.10 0.23
0.01 0.00
63.95 600
0.01 0.00
0.00 0.00
0.00 0.00
0.00 0.00
0.00 0.00
0.21 0.72
0.00 0.00
0.01 0.09
121.29 600
0.02 0.32
0.02 0.04
0.02 0.68
0.00 0.00
0.00 0.00
0.00 0.00
0.00 0.01
0.00 0.00
0.04 0.03
0.05 0.04
0.00 0.00
185.64 600
0.01 0.01
600 600
2.64 1.72
0.06 0.06
223.34 0.72
92.80 0.52
92.56 0.56
2.06 0.91
2.55 1.45
8.10 0.54
4.47 600
600 600
600 600
168.16 0.23
3.50 2.03
600 600
4.84 3.96
2.22 1.51
600 8.69
2.57 600
600 600
600 600
5.76 600
600 600
600 600
600 600
600 600
600 600
0.18 600
0.18 600
0.17 600
0.21 600
0.20 600
0.20 600
15.71 600
600 600
102.20 600
600 600
600 600
600 600
0.15 0.15
600 600
600 600
600 600
0.20 0.17
0.07 0.07
600 600
600 600
600 600
0.02 0.02
600 600
600 600
600 600
600 600
1.13 0.78
0.01 0.02
600 600
0.02 0.02
600 600
0.11 0.12
0.02 0.03
600 600
0.01 0.00
0.12 0.27
0.64 0.22
600 600
0.08 0.09
0.02 0.02
0.07 0.08
600 600
600 600
0.02 0.02
600 600
0.01 0.01
600 600
600 600
600 600
0.03 0.03
600 600
600 600
600 600
600 600
600 600
600 600
600 600
600 600
2.99 2.92
600 600
600 600
600 600
18.06 19.76
1.87 1.94
0.18 0.17
600 600
600 600
600 600
0.12 0.14
0.00 0.00
0.01 1.60
600 600
600 0.35
0.00 600
0.00 0.00
0.00 0.00
0.02 0.07
20.59 0.08
0.01 11.33
0.09 0.45
0.00 0.01
125.35 600
0.00 0.02
0.03 0.73
0.47 49.29
29.74 0.29
29.98 0.28
0.00 0.01
0.01 600
0.00 0.01
0.60 0.01
0.02 0.26
0.03 600
600 600
18.52 15.52
0.16 0.35
0.17 0.34
39.75 600
0.04 0.27
0.02 0.12
0.01 0.13
0.63 0.06
0.15 1.66
0.08 1.22
0.07 0.06
0.01 0.01
0.01 600
0.17 0.10
0.16 0.05
0.01 35.13
0.00 31.62
0.18 0.01
0.02 600
0.02 600
0.00 0.01
0.00 0.01
0.01 0.03
0.00 0.01
154.55 600
2.86 600
0.24 600
43.05 105.59
182.05 600
3.28 0.02
3.23 0.92
0.02 0.36
3.17 0.53
8.26 0.79
3.21 0.52
12.32 0.68
3.20 0.50
12.37 0.50
3.18 0.56
8.09 0.51
0.37 0.06
600 0.33
600 600
44.34 600
115.81 600
0.01 2.74
0.00 0.00
600 600
0.00 0.01
1.18 0.82
0.43 0.30
3.17 600
0.16 0.13
0.02 7.45
0.08 0.21
108.65 14.44
99.80 15.42
0.15 0.31
32.83 1.49
0.07 0.87
0.03 2.36
0.02 2.48
0.02 2.44
0.01 2.38
6.62 0.02
5.96 0.02
600 26.12
600 32.08
0.18 0.67
0.14 0.64
0.20 0.85
1.84 600
2.26 600
0.00 0.70
0.00 0.69
0.01 0.01
0.01 0.02
2.83 600
1.58 0.11
0.08 0.40
0.04 64.55
0.93 600
0.83 600
0.01 0.00
0.13 5.56
4.36 600
0.32 12.12
0.10 0.00
0.09 0.01
0.08 0.00
0.09 0.01
0.09 0.01
0.10 0.01
0.04 0.00
0.04 0.00
0.04 0.00
0.04 0.01
0.03 0.01
0.02 0.00
1.22 0.01
0.02 0.02
0.10 0.00
0.10 0.00
0.08 0.01
0.08 0.01
0.10 0.00
0.10 0.00
0.10 0.01
0.10 0.01
0.09 0.00
0.10 0.00
0.10 0.00
0.11 0.01
3.15 25.49
3.18 600
0.12 0.82
0.12 0.79
3.24 600
0.00 0.02
0.06 4.89
0.08 1.87
0.14 1.75
0.07 1.55
0.07 1.60
0.07 1.78
0.08 2.47
0.07 1.06
0.07 1.59
0.07 2.26
0.02 0.08
0.02 0.16
0.05 13.44
0.02 0.08
0.03 0.51
0.61 0.94
0.60 0.91
0.40 0.02
0.01 0.01
0.08 0.01
0.02 0.28
23.96 47.53
0.01 0.47
0.01 0.35
0.02 0.26
0.02 0.02
0.05 600
1.35 1.98
600 600
600 600
600 600
