600 255.66
600 600
600 600
600 600
600 600
600 600
600 600
600 600
600 600
600 600
0.02 0.02
600 600
600 600
600 600
600 600
600 10.76
600 600
600 600
600 600
600 600
600 600
600 600
600 38.33
600 600
600 600
600 600
600 600
0.23 0.24
0.21 0.22
600 600
600 600
600 600
0.02 0.04
0.04 0.07
0.12 0.04
0.01 0.03
0.00 0.02
0.03 0.13
0.03 0.06
0.05 0.05
0.50 0.04
0.04 0.05
0.06 0.06
0.03 0.04
0.02 0.02
0.02 0.02
0.00 0.02
0.06 0.07
0.06 0.06
0.07 0.17
0.01 0.03
0.01 0.01
0.02 0.04
0.02 0.15
0.06 0.08
0.17 0.13
0.03 0.02
0.02 0.03
0.02 0.03
0.04 0.02
0.06 0.03
0.02 0.03
0.01 0.02
0.68 0.03
0.02 0.04
0.02 0.06
0.63 0.33
0.02 0.04
0.04 0.27
0.09 0.23
0.04 0.04
0.02 0.03
0.03 0.03
0.11 0.02
0.03 0.05
0.07 0.06
0.16 0.05
0.02 0.02
0.01 0.02
0.11 0.04
0.05 0.06
0.06 0.06
0.20 0.05
0.02 0.14
0.06 0.08
0.15 0.04
0.05 0.08
0.44 0.08
0.03 0.04
0.01 0.08
0.42 0.10
0.04 0.03
0.03 1.13
0.14 0.34
0.04 0.04
0.36 0.18
0.16 0.07
0.34 0.18
0.03 0.02
0.02 0.03
0.04 0.10
0.05 0.08
0.11 0.08
0.09 0.06
0.06 0.08
0.10 0.08
0.07 0.05
11.11 0.30
0.19 0.57
0.08 0.04
0.43 0.18
0.17 0.08
1.23 0.04
0.06 0.06
0.11 0.08
0.06 0.07
0.06 0.07
0.08 0.08
0.06 0.05
0.71 1.22
0.15 0.74
0.06 0.06
0.02 0.04
0.18 0.03
0.06 0.04
0.04 0.08
0.08 0.08
0.50 0.06
0.06 57.84
7.51 48.67
0.14 0.05
0.05 76.98
0.16 600
0.42 0.05
0.02 0.08
0.07 0.12
0.06 0.05
0.11 0.12
0.08 0.14
3.36 0.28
0.02 0.03
0.00 0.02
0.01 0.03
0.00 0.02
0.01 0.02
0.01 0.03
0.02 0.02
0.03 0.01
0.01 0.02
0.01 0.06
0.02 0.08
0.03 0.10
0.03 0.01
0.02 0.02
0.60 0.08
0.02 0.02
0.02 0.02
0.03 0.06
0.02 0.04
0.03 0.08
0.02 0.08
0.02 0.05
0.02 0.06
0.01 0.26
0.02 0.39
0.02 0.02
0.02 0.02
0.03 0.02
0.02 0.04
0.02 0.03
0.03 0.30
0.02 0.00
0.01 0.02
0.10 1.42
0.02 0.02
0.01 0.02
0.02 2.57
0.03 0.00
0.02 0.01
0.03 0.03
0.03 0.03
0.02 0.02
1.09 0.06
3.10 600
2.38 600
0.06 0.84
2.41 600
1.91 600
0.08 0.77
0.02 0.04
0.02 0.02
0.02 0.02
0.01 0.02
0.02 0.02
0.01 0.03
0.02 0.03
0.02 0.01
0.00 0.03
0.01 0.02
0.02 0.03
0.84 2.94
0.02 0.07
0.05 0.03
0.01 0.01
0.03 0.01
0.01 0.03
0.04 0.04
0.02 0.08
0.05 0.05
0.02 0.02
0.02 0.02
0.02 0.02
0.02 0.02
0.02 0.02
0.01 0.02
0.02 0.02
0.02 0.01
0.02 0.01
0.02 0.01
0.02 0.02
0.02 0.02
0.02 0.01
0.03 0.03
0.02 0.03
0.02 0.03
0.01 0.02
0.02 0.02
0.03 0.02
0.02 0.02
0.02 0.02
0.02 0.02
0.02 0.02
0.01 0.02
0.01 0.02
0.03 0.01
0.01 0.02
0.02 0.02
0.02 0.02
0.02 0.02
0.02 0.02
0.01 0.01
0.02 0.01
0.01 0.02
0.02 0.02
0.03 0.02
0.02 0.02
0.03 0.01
7.70 3.78
0.03 0.46
0.48 0.48
0.03 0.02
0.02 0.02
0.02 0.04
0.01 0.01
0.02 0.03
0.02 0.01
0.05 45.51
0.05 48.13
0.02 0.02
0.02 0.03
0.01 0.04
0.03 0.04
0.01 0.03
0.03 0.04
0.02 0.01
0.02 0.02
0.02 0.04
0.03 0.06
0.01 0.02
0.03 0.03
0.02 0.02
600 0.22
600 0.03
0.03 0.01
0.04 0.04
0.02 0.03
0.03 0.04
0.02 0.02
600 0.04
600 0.02
0.03 0.02
0.02 0.03
0.03 0.04
0.03 0.03
0.03 0.04
0.03 0.04
0.04 0.05
0.02 0.02
0.04 0.04
0.02 0.04
0.04 0.05
0.07 0.40
0.09 0.06
0.16 0.08
0.04 0.22
0.02 0.02
0.04 0.04
0.04 0.03
0.03 0.03
0.04 0.04
0.04 0.04
0.04 0.03
0.04 0.04
0.03 0.04
0.03 0.03
0.05 0.04
0.12 0.30
0.10 2.06
0.04 0.05
0.14 0.28
0.03 0.03
600 600
0.03 0.02
0.05 0.03
0.04 0.04
0.02 0.03
0.03 0.04
0.03 0.04
0.04 0.04
0.04 0.02
0.02 0.02
0.04 0.03
52.02 600
167.01 600
0.04 0.03
0.02 0.05
1.92 600
600 600
0.02 0.03
0.03 0.04
4.37 600
600 600
600 600
600 600
600 600
600 600
600 600
600 600
600 600
600 600
600 600
600 0.03
600 38.87
600 600
600 600
600 0.15
600 600
60.85 46.17
2.76 7.19
600 11.72
600 600
600 600
0.09 0.12
600 600
600 600
600 600
600 600
600 600
600 600
600 600
0.02 0.03
0.08 0.60
0.07 0.60
0.10 0.03
600 600
600 600
0.01 0.02
0.02 0.01
600 600
0.01 0.03
0.04 0.08
0.33 4.66
0.00 0.02
0.90 600
0.03 0.02
0.01 0.01
0.08 0.80
0.04 0.02
600 600
0.01 0.02
0.01 0.02
0.61 2.04
0.62 2.00
600 600
2.13 1.77
196.81 258.40
209.67 241.64
0.05 0.06
0.04 0.06
0.02 0.03
600 600
0.02 0.02
0.02 0.02
0.02 0.02
0.01 0.01
600 600
600 600
1.50 1.56
0.02 0.02
1.81 3.49
1.83 3.40
600 600
600 600
0.25 0.78
0.25 0.80
600 78.71
600 600
600 600
600 600
600 600
72.75 44.77
9.35 13.99
600 600
600 600
144.69 54.07
600 600
0.02 0.05
0.05 0.12
0.15 0.24
1.85 600
2.42 3.07
0.12 0.12
1.45 600
0.06 0.06
0.06 0.05
0.06 0.05
600 600
600 600
0.04 0.04
0.04 0.03
0.04 0.03
0.05 0.04
0.04 0.05
0.04 0.04
0.04 0.04
0.04 0.03
0.05 0.04
0.03 0.04
0.03 0.05
0.06 0.04
0.04 0.04
600 600
600 600
600 600
600 600
600 600
0.13 0.84
0.04 0.04
0.07 0.06
0.07 0.06
0.04 0.04
600 600
0.03 0.04
0.04 0.05
0.04 0.05
0.04 0.06
0.04 0.06
0.05 0.04
0.04 0.04
0.04 0.05
0.05 0.06
0.07 1.16
0.06 0.06
0.09 0.10
0.05 0.05
0.15 0.18
600 600
0.06 0.06
79.34 600
0.06 0.05
0.06 0.05
0.04 0.08
0.06 0.06
0.06 0.06
2.79 1.36
0.06 0.08
0.06 0.07
0.50 6.60
0.51 6.33
275.37 600
281.32 600
0.01 0.02
0.02 0.03
600 600
0.03 0.02
600 600
600 600
600 600
600 600
600 600
600 600
600 600
0.03 0.02
0.02 0.02
24.42 109.67
600 600
0.03 0.02
5.86 0.12
600 600
0.02 0.25
0.03 0.03
18.84 6.34
600 600
247.59 6.26
0.01 0.04
0.44 1.01
0.48 0.88
0.03 0.04
1.19 1.46
0.03 0.02
0.02 0.05
2.75 0.16
600 600
0.01 0.02
600 600
600 600
0.23 0.73
600 600
0.06 0.32
0.04 0.03
0.03 0.03
0.03 0.04
0.09 0.06
0.04 0.02
5.83 4.67
600 600
600 600
600 600
0.03 0.04
600 600
0.03 0.03
0.03 0.04
0.06 0.05
0.02 0.04
600 61.07
100.20 94.80
600 600
0.01 0.02
4.20 8.26
0.02 0.02
600 600
0.07 0.08
600 600
13.24 18.64
0.06 0.04
24.10 19.99
61.38 134.88
600 600
221.73 600
600 600
600 600
600 600
206.53 600
600 600
600 600
600 600
600 600
600 600
90.81 283.86
17.30 16.74
0.12 0.13
0.14 0.16
600 600
600 600
600 600
600 600
103.77 0.12
600 600
0.08 106.85
600 600
600 600
600 600
0.10 152.79
104.74 0.12
600 600
600 600
600 600
600 600
600 600
600 600
600 600
600 600
600 600
600 600
600 600
600 600
600 600
600 600
600 600
0.12 0.14
600 600
0.15 0.17
600 600
600 600
600 600
0.62 0.64
5.56 6.96
225.68 600
600 600
600 600
600 600
600 600
0.23 0.36
600 600
600 600
600 600
100.20 150.92
600 600
600 600
600 600
600 600
600 600
600 600
600 600
600 600
600 600
97.50 134.27
600 600
600 600
0.27 0.29
0.30 600
600 600
600 600
600 600
600 600
600 600
600 600
600 600
600 600
600 600
0.37 0.36
600 600
600 600
600 600
41.41 60.88
600 600
0.04 0.27
600 600
0.02 0.02
0.48 0.28
600 600
600 600
600 600
600 600
600 600
600 600
600 600
600 600
600 600
600 600
600 600
0.34 0.34
600 600
600 600
600 600
600 600
600 600
600 600
600 600
600 600
600 600
600 600
600 600
600 600
600 600
600 600
600 600
600 600
600 600
600 600
1.46 1.75
1.41 1.43
600 600
600 600
600 600
600 600
600 600
600 600
600 600
600 600
600 600
7.58 8.42
600 600
2.24 2.19
2.04 2.07
600 600
37.66 61.32
41.82 60.03
600 600
600 600
600 600
600 600
600 600
600 600
600 600
600 600
600 600
5.51 600
600 600
2.58 2.68
600 600
600 600
600 600
5.87 7.20
3.44 3.57
600 600
137.79 600
600 600
600 600
600 600
600 600
600 600
600 600
600 600
600 600
177.62 135.66
600 600
600 600
600 600
600 600
4.94 5.10
600 600
600 600
13.56 8.28
600 600
600 600
600 600
246.59 600
600 600
219.13 600
600 600
600 600
600 600
11.18 13.22
600 600
600 600
600 600
600 600
600 600
600 600
600 600
600 600
600 600
600 600
600 600
600 600
600 600
600 600
600 600
600 600
600 600
600 600
5.93 600
600 600
600 600
600 600
600 600
600 600
600 600
600 600
600 600
2.08 2.04
600 600
600 600
600 600
600 600
600 600
600 600
600 600
600 600
600 600
600 600
600 600
37.16 39.60
600 600
600 600
600 600
600 600
600 600
600 600
600 600
600 600
600 600
600 600
600 600
600 600
600 600
0.02 0.00
0.02 0.47
0.02 0.05
0.02 0.42
0.02 0.24
0.03 0.31
0.02 0.23
0.02 0.04
0.04 0.04
2.68 600
2.44 600
2.43 600
2.36 600
3.60 600
600 600
9.69 600
4.30 600
600 600
600 600
3.28 600
600 600
47.56 600
600 600
2.16 600
3.17 600
600 600
2.75 0.16
600 600
0.03 0.05
600 600
0.03 0.04
1.11 0.17
0.03 0.06
0.86 0.16
600 600
0.14 0.17
600 600
600 600
600 600
0.04 0.04
60.68 159.58
0.83 0.15
0.04 0.04
0.03 0.04
0.04 0.04
0.04 0.05
0.04 0.04
0.03 0.04
0.04 0.05
0.06 0.14
0.04 0.16
0.04 0.04
1.98 1.26
0.03 0.04
0.64 2.25
0.04 0.05
0.05 0.05
0.04 0.04
0.03 0.03
0.04 0.03
0.04 0.04
0.03 0.05
0.04 0.16
0.05 0.18
600 600
0.02 0.05
0.03 0.04
0.04 0.05
0.04 0.04
0.04 0.04
0.04 0.04
0.04 0.04
0.04 0.03
0.03 0.04
600 600
600 600
600 600
0.71 0.21
7.09 600
8.58 600
6.29 150.17
6.22 164.25
5.95 600
4.20 0.39
4.05 168.01
600 600
600 600
600 600
600 600
600 600
0.04 0.05
0.04 0.04
0.04 0.04
600 600
600 600
600 600
237.58 600
600 600
600 600
3.70 600
600 600
600 600
600 600
600 600
0.04 0.04
600 600
0.03 0.05
600 600
0.04 0.06
600 600
1.66 600
0.03 0.05
600 600
0.03 0.05
600 600
0.04 0.38
0.03 0.38
0.49 7.30
0.51 7.16
0.38 7.59
0.37 6.42
0.39 6.41
0.36 7.17
0.75 0.30
0.74 0.30
0.75 0.32
0.76 0.31
0.75 0.30
0.74 0.30
0.04 0.05
0.04 0.04
0.03 0.04
0.04 0.05
0.04 0.05
0.04 0.04
0.21 0.17
0.21 0.15
5.50 600
0.05 0.13
1.22 0.16
0.60 0.17
60.76 600
0.12 0.14
1.24 0.16
0.58 0.19
600 600
600 600
0.72 0.16
0.73 0.18
0.42 0.16
0.15 0.17
7.38 600
0.18 0.16
0.18 0.16
0.22 0.18
0.18 0.16
0.17 0.16
0.21 0.16
0.61 58.78
0.18 0.15
0.22 0.16
0.21 0.16
0.22 0.14
0.22 0.16
0.23 0.16
1.09 87.79
39.15 0.19
0.22 0.16
0.21 0.15
0.23 0.17
0.22 0.14
0.21 0.15
0.20 0.19
0.36 0.15
0.45 0.20
0.46 0.20
0.16 0.18
0.15 0.18
0.84 0.24
0.86 0.24
0.86 0.24
0.18 0.18
1.12 0.32
0.88 0.29
0.15 0.18
0.16 0.19
0.72 600
0.72 600
0.59 0.29
1.06 600
0.18 0.17
1.06 600
1.06 600
0.16 0.18
0.18 0.16
0.18 0.15
0.17 0.15
0.18 0.16
0.18 0.15
0.17 0.14
0.18 0.13
0.17 0.13
0.16 0.16
0.16 0.16
7.81 0.18
0.14 0.14
0.15 0.16
0.14 0.15
0.14 0.15
0.17 0.14
0.14 0.15
0.14 0.16
0.14 0.16
0.15 0.14
0.15 0.15
0.16 0.16
0.03 0.02
0.04 0.05
0.04 0.02
0.02 0.02
0.09 0.13
0.03 0.02
0.14 0.20
600 600
0.03 0.02
2.61 3.46
0.02 0.02
0.04 0.05
3.74 0.81
0.19 0.71
38.26 11.47
600 600
600 600
600 600
600 600
0.02 0.03
0.06 0.09
0.02 0.02
0.03 0.02
0.02 0.01
0.02 0.02
0.03 0.01
2.04 78.38
87.28 213.45
0.02 0.03
600 600
600 42.19
0.02 0.02
16.12 9.92
0.02 0.02
600 600
0.01 0.02
0.02 0.02
0.29 1.45
0.02 0.02
0.31 1.00
600 165.73
0.02 0.02
0.12 0.14
600 600
0.03 0.02
0.06 0.05
0.06 0.18
0.01 0.02
0.02 0.02
0.03 0.02
0.01 0.02
0.02 0.01
0.10 0.10
2.02 5.70
2.28 20.57
600 600
0.17 0.41
600 600
600 34.03
600 600
177.97 30.09
73.92 41.69
73.70 34.57
53.00 3.67
73.80 2.16
74.62 3.33
600 600
600 600
600 600
71.30 600
248.60 600
600 600
600 600
600 600
600 600
600 600
600 600
600 600
600 600
600 600
600 600
600 600
600 600
600 600
600 600
600 600
600 600
600 600
600 600
600 600
600 222.18
600 600
600 600
600 600
600 600
600 600
25.94 160.75
600 600
600 600
600 600
600 600
0.52 0.52
600 600
600 600
600 600
0.06 0.07
600 600
600 600
600 600
600 600
600 600
0.08 0.08
600 600
0.08 0.08
600 600
0.25 0.25
0.10 0.20
600 600
0.06 0.04
29.90 600
600 600
600 600
0.33 0.32
0.09 0.09
0.33 0.32
600 600
600 600
0.07 0.06
600 600
0.04 0.05
600 600
600 600
600 600
0.11 0.10
600 600
600 600
600 600
600 600
600 600
600 600
600 600
600 600
0.32 0.35
600 600
600 600
600 600
46.15 600
600 600
600 600
600 600
600 600
600 600
0.38 0.40
0.01 0.02
0.08 9.71
12.14 600
0.10 0.94
0.08 0.14
0.02 0.12
0.02 0.01
0.09 35.16
600 0.34
0.10 600
0.19 7.22
2.09 224.15
600 600
14.46 600
0.03 23.06
1.10 33.40
600 600
600 600
0.06 0.04
0.04 600
0.03 1.64
58.87 1.30
0.02 15.31
0.02 8.36
600 600
0.16 600
4.68 7.64
4.72 7.22
600 600
600 600
0.08 600
0.18 600
600 600
4.26 13.98
4.09 16.48
3.33 28.05
0.16 30.24
0.22 0.15
3.26 180.12
2.78 45.91
0.34 216.78
0.34 258.63
0.36 9.85
108.45 600
47.90 600
0.06 0.08
3.34 4.60
0.42 20.11
0.34 600
31.63 600
600 600
600 600
1.70 237.33
32.15 600
600 4.90
600 7.81
600 600
600 600
600 600
600 600
600 600
600 600
600 600
600 600
600 600
0.14 0.49
600 600
600 600
600 121.33
600 600
0.18 1.44
0.03 0.51
2.89 600
0.07 0.33
600 0.85
46.57 1.03
600 14.99
84.65 600
2.07 0.48
2.72 7.11
244.19 600
600 600
0.39 1.05
600 600
0.15 2.23
0.46 600
0.44 600
0.46 600
0.48 600
236.79 600
227.35 600
600 18.00
600 21.10
600 0.97
600 1.07
600 0.90
600 600
173.31 600
1.69 5.30
1.68 5.82
0.04 0.07
600 600
600 600
9.83 5.56
0.17 4.06
4.65 5.88
4.64 5.12
3.34 5.12
0.13 0.66
0.40 600
600 600
0.17 3.02
0.49 0.24
0.48 0.24
0.48 0.25
0.49 0.28
0.49 0.25
0.48 0.24
0.63 0.17
0.63 0.18
0.63 0.16
0.64 0.17
0.66 0.20
0.67 0.21
11.91 41.70
15.12 600
0.52 0.28
0.50 0.27
0.51 0.30
0.50 0.30
0.50 0.26
0.49 0.26
0.51 0.27
0.51 0.25
0.49 0.26
0.50 0.26
0.49 0.30
0.50 0.28
0.14 0.92
0.21 600
0.29 600
0.30 600
600 600
1.67 600
111.81 40.76
140.78 45.25
231.77 253.48
139.93 63.79
189.24 272.97
191.88 68.98
193.17 220.21
160.81 57.64
236.71 264.29
155.33 62.95
1.60 600
1.52 600
2.06 600
1.58 600
0.14 4.58
23.96 243.09
21.98 288.38
13.44 600
0.06 0.04
0.45 0.52
4.54 600
38.18 600
0.42 16.73
3.53 600
2.85 600
0.04 0.19
145.47 32.78
600 30.27
600 600
600 600
600 600
