0.02 0.03
0.02 0.02
0.14 3.04
0.48 0.74
0.02 0.01
0.02 0.02
0.72 2.39
600 600
0.03 0.02
0.03 0.03
0.01 0.02
0.02 0.01
0.02 0.02
0.28 0.58
0.08 0.13
0.07 0.09
0.01 0.01
0.02 0.02
0.00 0.02
0.02 0.02
0.01 0.02
0.02 0.02
0.02 0.02
0.02 0.02
0.01 0.01
0.02 0.02
0.02 0.03
0.02 0.02
0.33 0.68
0.08 0.10
0.01 0.01
600 600
0.23 0.24
0.21 0.22
600 600
600 600
600 600
600 3.09
197.84 600
600 600
0.03 0.03
600 600
600 600
600 600
0.02 0.03
600 600
600 600
0.04 0.06
0.04 0.16
600 600
600 600
600 600
0.02 0.03
0.02 0.03
600 0.03
600 600
0.03 0.04
600 600
0.02 0.02
600 600
0.02 0.06
0.06 0.13
600 600
600 600
600 600
600 600
0.02 0.04
0.02 0.03
0.02 0.02
0.58 0.05
600 600
0.03 0.04
600 600
600 600
0.01 0.03
600 600
0.01 0.00
600 600
600 600
600 600
600 600
600 600
600 600
600 600
600 600
600 600
0.14 0.05
0.02 0.01
600 600
0.10 0.02
245.31 287.27
272.07 278.69
600 600
600 600
600 600
600 600
600 600
600 600
600 600
600 600
600 600
0.12 0.38
109.64 0.26
600 600
600 600
290.52 600
227.13 288.85
600 600
0.01 0.03
0.13 0.24
600 600
600 600
600 600
600 600
600 600
600 600
600 600
0.68 5.32
0.02 0.05
0.04 0.02
0.12 0.60
0.01 0.02
0.00 0.02
0.03 0.03
0.03 0.05
0.05 0.06
0.50 11.64
0.04 0.20
0.06 4.01
0.03 0.22
0.02 0.02
0.02 0.02
0.00 0.02
0.06 0.05
0.06 0.06
0.07 0.50
0.01 0.02
0.01 0.01
0.02 0.03
0.02 0.08
0.06 0.17
0.17 600
0.03 0.02
0.02 0.00
0.02 0.03
0.04 0.21
0.06 0.12
0.02 600
0.01 0.22
0.68 2.00
0.02 600
0.02 0.29
0.63 0.29
0.02 600
0.04 0.07
0.09 0.10
0.04 600
0.02 0.02
0.03 0.02
0.11 32.02
0.03 0.20
0.07 4.00
0.16 1.00
0.02 0.02
0.01 0.03
0.11 31.05
0.05 0.06
0.06 0.05
0.20 12.11
0.02 0.04
0.06 0.14
0.15 600
0.05 0.14
0.44 9.26
0.03 600
0.01 0.08
0.42 0.20
0.04 600
0.03 0.38
0.14 14.90
0.04 600
0.36 0.12
0.16 0.19
0.34 600
0.03 0.02
0.02 0.01
0.04 0.02
0.05 0.23
0.11 0.09
0.09 0.13
0.06 0.16
0.10 0.15
0.07 0.15
11.11 0.73
0.19 22.64
0.08 0.14
0.43 0.26
0.17 0.12
1.23 600
0.06 1.34
0.11 0.13
0.06 600
0.06 0.19
0.08 0.12
0.06 600
0.71 1.15
0.15 20.64
0.06 600
0.02 0.01
0.18 0.04
0.06 0.61
0.04 0.06
0.08 0.09
0.50 11.72
0.06 1.57
7.51 0.96
0.14 272.63
0.05 0.06
0.16 0.08
0.42 226.34
0.02 0.02
0.07 0.17
0.06 600
0.11 2.01
0.08 0.38
3.36 600
0.02 0.02
0.00 0.02
0.01 0.03
0.00 0.02
0.01 0.02
0.01 0.02
0.02 0.02
0.03 0.02
0.01 0.03
0.01 0.02
0.02 0.02
0.03 0.02
0.03 0.02
0.02 0.01
0.60 11.96
0.02 0.03
0.02 0.02
0.03 0.02
0.02 0.03
0.03 0.02
0.02 0.03
0.02 0.02
0.02 0.00
0.01 0.03
0.02 0.03
0.02 0.03
0.02 0.02
0.03 0.03
0.02 0.02
0.02 0.03
0.03 0.02
0.02 0.03
0.01 0.02
0.10 80.22
0.02 0.02
0.01 0.03
0.02 79.86
0.03 0.01
0.02 0.02
0.03 0.02
0.03 0.02
0.02 0.03
1.09 0.84
3.10 0.32
2.38 0.27
0.06 0.13
2.41 0.69
1.91 0.75
0.08 0.84
0.02 0.03
0.02 0.02
0.02 0.04
0.01 0.03
0.02 0.01
0.01 0.01
0.02 0.03
0.02 0.04
0.00 0.03
0.01 0.04
0.02 0.04
0.84 0.04
0.02 0.02
0.05 0.04
0.01 0.02
0.03 0.01
0.01 0.03
0.04 0.02
0.02 0.02
0.05 0.02
0.02 0.02
0.02 0.02
0.02 0.02
0.02 0.03
0.02 0.04
0.01 0.02
0.02 0.03
0.02 0.02
0.02 0.01
0.02 0.02
0.02 0.03
0.02 0.03
0.02 0.02
0.03 0.02
0.02 0.02
0.02 0.03
0.01 0.03
0.02 0.00
0.03 0.02
0.02 0.03
0.02 0.03
0.02 0.03
0.02 0.02
0.01 0.01
0.01 0.02
0.03 0.01
0.01 0.02
0.02 0.02
0.02 0.03
0.02 0.02
0.02 0.02
0.01 0.02
0.02 0.04
0.01 0.02
0.02 0.04
0.03 0.02
0.02 0.02
0.03 0.02
7.70 0.04
0.03 0.04
0.48 0.51
0.03 0.02
0.02 0.01
0.02 0.02
0.01 0.02
0.02 0.03
0.02 0.03
0.05 0.06
0.05 0.06
0.02 0.02
0.02 0.03
0.01 0.02
0.03 0.04
0.01 0.04
0.03 0.04
0.02 0.02
0.02 0.02
0.02 0.01
0.03 0.04
0.01 0.02
0.03 0.02
0.02 0.02
600 0.03
600 0.03
600 0.02
600 0.04
600 0.03
15.77 0.04
600 0.05
600 0.05
600 0.04
600 0.04
600 0.03
600 0.03
600 0.05
600 0.04
600 0.04
600 0.03
600 0.03
600 0.04
600 0.04
600 0.05
600 0.05
600 0.02
600 0.03
600 0.04
1.84 0.05
0.47 0.04
600 0.04
600 0.04
600 0.05
600 0.04
600 0.05
600 0.06
600 0.06
600 0.06
600 0.06
600 0.06
600 0.06
600 0.06
600 0.06
600 0.08
600 0.08
600 0.05
600 0.03
0.02 0.03
600 600
0.01 0.02
0.04 0.01
0.33 0.12
0.00 0.00
0.90 0.04
0.03 0.02
0.01 0.02
0.08 126.25
600 600
600 600
600 600
0.02 0.06
0.05 0.19
0.15 0.23
1.85 0.32
2.42 3.34
0.12 0.14
1.45 0.18
0.03 0.09
0.04 3.01
0.02 0.02
0.02 0.03
0.05 0.12
0.01 0.02
0.08 0.03
0.02 0.03
0.09 0.06
600 600
0.10 91.63
0.19 2.84
2.09 0.06
600 600
14.46 0.06
0.03 0.74
1.10 600
600 600
600 600
0.06 0.02
0.04 600
0.03 0.07
58.87 0.97
0.02 0.18
0.02 0.08
600 600
0.16 0.13
4.68 0.05
4.72 0.03
600 600
600 2.45
0.08 0.34
0.18 0.39
600 0.20
4.26 600
4.09 600
3.33 600
0.16 0.98
0.22 0.10
3.26 600
2.78 600
0.34 0.01
0.34 0.01
0.36 0.48
108.45 600
47.90 600
0.06 0.05
3.34 0.18
0.42 54.13
0.34 156.50
31.63 600
600 600
600 600
1.70 600
32.15 600
600 600
600 600
600 1.51
600 600
600 600
600 600
600 600
600 600
600 600
600 600
600 600
0.14 0.25
600 600
600 600
600 600
600 600
0.18 0.09
0.03 1.63
2.89 600
0.07 0.15
600 2.84
46.57 0.06
600 2.56
84.65 600
2.07 0.11
2.72 0.03
244.19 600
600 600
0.39 19.96
600 600
0.15 0.08
0.46 2.86
0.44 2.83
0.46 2.86
0.48 2.93
236.79 600
227.35 600
600 0.23
600 0.24
600 0.53
600 0.52
600 0.52
600 600
173.31 231.03
1.69 0.18
1.68 0.19
0.04 0.36
600 112.89
600 7.47
9.83 1.74
0.17 0.05
4.65 3.95
4.64 0.56
3.34 0.57
0.13 0.36
0.40 3.79
600 3.79
0.17 600
0.49 0.14
0.48 0.15
0.48 0.15
0.49 0.14
0.49 0.18
0.48 0.18
0.63 0.09
0.63 0.08
0.63 0.09
0.64 0.09
0.66 0.02
0.67 0.04
11.91 10.82
15.12 9.08
0.52 0.15
0.50 0.14
0.51 0.15
0.50 0.15
0.50 0.19
0.49 0.19
0.51 0.18
0.51 0.18
0.49 0.17
0.50 0.18
0.49 0.14
0.50 0.13
0.14 600
0.21 63.19
0.29 2.26
0.30 2.23
600 600
1.67 600
111.81 0.98
140.78 0.97
231.77 1.88
139.93 1.10
189.24 1.87
191.88 1.08
193.17 1.86
160.81 1.11
236.71 2.14
155.33 1.10
1.60 600
1.52 600
2.06 600
1.58 600
0.14 0.34
23.96 600
21.98 600
13.44 44.76
0.06 0.04
0.45 1.75
4.54 600
38.18 600
0.42 0.51
3.53 600
2.85 600
0.04 0.08
145.47 0.87
600 0.62
0.03 0.04
0.02 0.03
