0.01 0.01
0.01 0.01
0.01 0.02
0.00 0.01
0.00 0.00
0.01 0.00
0.02 0.01
0.01 0.02
0.15 0.18
0.01 0.01
0.01 0.01
0.01 0.06
0.01 0.01
0.01 0.01
0.00 0.01
0.02 0.01
0.02 0.01
0.03 0.14
0.00 0.01
0.00 0.00
0.01 0.00
0.00 0.14
0.02 0.04
0.02 0.01
0.01 0.00
0.00 0.00
0.00 0.01
0.00 0.01
0.01 0.01
0.01 0.01
0.00 0.01
0.01 0.01
0.02 0.00
0.01 0.05
0.01 0.06
0.01 0.01
0.01 0.46
0.01 0.13
0.02 0.01
0.01 0.00
0.01 0.01
0.00 0.00
0.01 0.00
0.01 0.01
0.01 0.01
0.00 0.01
0.00 0.01
0.01 0.00
0.02 0.01
0.02 0.01
0.15 0.19
0.01 0.05
0.00 0.04
0.05 0.01
0.01 0.02
0.01 0.02
0.01 0.01
0.02 0.04
0.02 0.06
0.01 0.01
0.02 0.36
0.01 0.58
0.02 0.01
0.35 0.08
0.08 0.02
0.90 0.01
0.01 0.00
0.00 0.01
0.02 0.00
0.02 0.15
0.02 0.00
0.27 0.01
0.02 0.26
0.02 0.02
0.29 0.01
0.16 0.10
0.04 0.12
0.20 0.01
0.21 1.72
0.04 0.02
0.50 0.00
0.02 0.01
0.02 0.01
0.50 0.01
0.02 0.05
0.03 0.00
0.48 0.01
0.53 0.44
0.03 0.12
0.49 0.01
0.01 0.01
0.01 0.02
0.00 1.53
0.00 0.02
0.01 0.00
0.26 3.33
0.13 0.06
0.12 0.40
0.19 4.37
0.02 0.04
0.08 0.06
2.57 6.29
0.00 0.04
0.00 0.07
0.01 1.58
0.02 0.06
0.01 0.02
0.16 3.51
0.00 0.04
0.00 0.03
0.01 0.01
0.00 0.00
0.00 0.00
0.00 0.00
0.00 0.01
0.00 0.00
0.00 0.00
0.00 0.01
0.01 0.01
0.01 0.01
0.01 0.01
0.01 0.00
0.01 0.02
0.01 0.01
0.00 0.01
0.01 0.01
0.01 0.01
0.01 0.02
0.01 0.01
0.00 0.01
0.01 0.01
0.02 0.01
0.01 0.52
0.00 0.00
0.01 0.00
0.00 0.00
0.01 0.00
0.01 0.00
0.01 0.00
0.01 0.00
0.01 0.00
0.01 0.03
0.01 0.00
0.00 0.00
0.00 0.02
0.01 0.00
0.00 0.00
0.01 0.01
0.01 0.01
0.01 0.01
0.01 0.01
0.01 0.07
0.02 1.16
0.02 0.02
0.05 4.11
0.01 1.08
0.05 0.02
0.01 0.01
0.01 0.00
0.01 0.01
0.01 0.00
0.00 0.01
0.00 0.01
0.01 0.00
0.01 0.01
0.01 0.01
0.01 0.00
0.01 0.01
0.46 0.01
0.01 0.01
0.00 0.01
0.01 0.01
0.01 0.00
0.01 0.00
0.01 0.01
0.02 0.01
0.01 0.02
0.01 0.01
0.01 0.01
0.01 0.01
0.01 0.01
0.01 0.01
0.00 0.01
0.01 0.01
0.00 0.01
0.01 0.01
0.01 0.01
0.01 0.00
0.01 0.01
0.01 0.01
0.01 0.01
0.00 0.01
0.01 0.01
0.00 0.01
0.01 0.01
0.01 0.01
0.01 0.01
0.01 0.01
0.00 0.00
0.01 0.01
0.01 0.01
0.00 0.00
0.01 0.01
0.00 0.01
0.00 0.01
0.01 0.01
0.01 0.00
0.01 0.00
0.01 0.01
0.00 0.01
0.00 0.01
0.00 0.00
0.01 0.01
0.01 0.01
0.01 0.01
0.44 0.00
0.07 0.01
0.03 3.41
0.01 0.01
0.01 0.00
0.00 0.01
0.00 0.00
0.01 0.01
0.01 0.02
0.46 0.00
0.47 0.01
0.01 0.01
0.01 0.01
0.01 0.01
0.01 0.00
0.01 0.01
0.01 0.01
0.01 0.00
0.01 0.01
0.01 0.00
0.01 0.01
0.00 0.00
0.01 0.01
0.00 0.01
0.01 0.01
0.43 0.12
0.38 0.00
1.95 600
0.01 0.00
0.01 0.01
0.00 0.01
0.38 0.01
0.38 0.01
0.01 0.00
0.00 0.00
0.02 0.03
9.78 28.20
25.08 11.57
600 600
0.01 0.36
0.01 1.72
0.01 3.66
0.02 52.29
0.00 0.02
0.01 20.59
0.01 53.20
0.00 0.00
0.18 0.02
0.00 0.01
0.01 0.02
0.00 5.38
0.37 10.93
0.00 0.06
0.40 0.00
0.03 6.25
0.42 0.00
0.01 0.00
6.82 0.83
0.06 15.81
9.32 15.84
0.01 0.03
0.01 600
0.00 0.01
0.20 0.02
0.01 0.00
0.08 0.40
9.30 600
0.00 0.15
0.01 0.01
0.02 0.01
0.01 7.00
9.44 0.01
0.02 0.02
0.02 0.01
0.01 0.01
0.01 0.01
0.01 0.01
0.00 0.00
0.00 0.08
0.00 0.00
0.04 3.32
0.04 3.26
0.01 0.00
0.01 0.00
0.01 0.04
0.01 1.42
0.01 1.44
0.01 0.01
0.00 0.17
0.03 6.26
0.01 0.06
0.00 15.96
0.02 18.93
0.01 19.30
0.04 15.81
0.00 15.92
27.36 0.04
30.84 0.01
0.08 0.21
0.00 5.53
0.01 6.60
0.00 5.75
0.00 6.54
0.00 8.16
0.00 22.14
0.01 7.72
0.01 22.38
0.01 0.02
0.26 50.71
0.09 600
0.08 19.62
24.95 23.07
0.02 0.08
0.01 0.01
0.01 0.02
0.01 0.02
0.02 0.02
0.02 0.02
0.02 0.03
7.70 0.01
0.01 0.01
0.01 0.01
0.02 17.81
0.02 17.94
0.02 0.62
0.02 600
0.05 0.11
0.02 0.05
0.02 0.04
0.01 0.05
0.01 0.04
0.06 1.85
0.06 1.68
0.21 0.24
0.21 0.24
0.00 0.07
0.01 0.02
0.01 0.12
0.09 6.35
5.52 6.28
0.19 0.02
0.20 0.02
0.00 0.04
0.06 0.02
5.61 47.32
0.06 0.02
0.00 0.00
0.08 0.02
0.27 0.01
0.26 0.02
0.04 0.02
0.01 0.05
0.02 0.06
0.01 6.31
0.01 0.01
0.01 0.00
0.01 0.01
0.01 0.01
0.01 0.01
0.01 0.01
0.00 0.01
0.01 0.01
0.00 0.00
0.01 0.01
0.01 0.01
0.01 0.01
0.02 0.02
0.07 0.19
0.01 0.01
0.01 0.01
0.02 0.01
0.01 0.01
0.01 0.01
0.02 0.01
0.01 0.01
0.01 0.00
0.02 0.01
0.02 0.01
0.01 0.01
0.02 0.01
0.00 2.80
0.05 0.07
0.05 0.07
0.05 0.06
0.30 0.27
0.02 0.43
0.04 0.06
0.04 0.04
0.04 0.14
0.04 0.06
0.04 0.11
0.05 0.06
0.05 0.15
0.05 0.06
0.04 0.08
0.04 0.05
0.02 0.12
0.02 0.22
0.02 15.80
0.02 0.10
0.02 0.08
0.04 16.15
0.05 16.21
0.01 0.03
0.01 0.01
0.02 0.03
0.02 1.32
0.01 0.04
0.01 0.02
0.01 0.16
0.02 0.65
0.01 0.04
0.12 2.14
0.02 0.02
