0.00 0.01
0.00 0.00
0.00 1.28
0.01 1.33
0.00 0.00
0.00 0.00
0.01 0.02
0.01 0.01
0.00 1.28
0.15 1.34
0.00 0.01
0.01 1.28
0.02 0.19
0.00 0.00
0.00 1.28
0.01 0.00
0.02 0.01
0.02 1.27
0.04 1.29
0.00 0.00
0.00 0.00
0.00 0.01
0.01 0.23
0.02 1.32
0.00 1.31
0.00 0.01
0.00 0.01
0.01 0.02
0.00 0.00
0.01 1.28
0.00 0.04
0.00 0.02
0.01 1.28
0.01 1.28
0.01 0.03
0.01 1.33
0.01 1.35
0.01 0.65
0.01 1.38
0.02 1.37
0.00 0.00
0.01 1.28
0.00 1.27
0.01 0.00
0.01 1.30
0.01 1.29
0.00 0.00
0.01 0.00
0.02 1.24
0.02 0.01
0.00 1.28
0.15 1.29
0.01 0.04
0.00 1.37
0.05 1.28
0.01 0.02
0.01 1.30
0.02 1.30
0.01 0.03
0.01 1.32
0.01 1.27
0.01 0.47
0.00 1.46
0.02 1.27
0.32 0.04
0.08 0.02
0.86 1.48
0.01 0.00
0.00 0.01
0.02 0.01
0.00 0.15
0.02 0.01
0.26 1.28
0.02 0.26
0.02 0.02
0.27 1.30
0.16 0.08
0.02 0.10
0.19 1.35
0.20 0.10
0.04 0.01
0.51 1.30
0.02 0.00
0.02 0.01
0.51 1.27
0.02 0.07
0.03 0.01
0.48 1.28
0.52 0.08
0.03 0.11
0.52 1.30
0.00 0.00
0.00 1.27
0.01 2.77
0.01 0.01
0.01 1.27
0.24 4.56
0.12 0.06
0.11 1.67
0.18 9.41
0.00 0.00
0.08 1.34
2.49 2.82
0.01 0.00
0.01 1.30
0.01 1.40
0.02 0.07
0.01 1.30
0.15 4.60
0.00 0.02
0.00 0.02
0.01 0.01
0.00 0.00
0.00 0.01
0.01 0.00
0.00 0.00
0.01 0.00
0.01 0.01
0.00 0.00
0.00 0.01
0.00 0.01
0.01 0.01
0.01 0.00
0.01 0.01
0.00 0.01
0.00 0.01
0.01 0.02
0.01 0.02
0.02 0.06
0.01 0.01
0.00 0.01
0.00 0.00
0.02 1.27
0.00 1.23
0.00 0.01
0.00 0.01
0.00 0.00
0.01 0.00
0.00 0.01
0.01 0.01
0.00 0.01
0.00 0.01
0.01 0.06
0.00 0.01
0.00 0.01
0.00 0.06
0.00 0.01
0.00 0.00
0.01 0.01
0.00 0.00
0.01 0.00
0.01 0.02
0.01 1.31
0.01 2.41
0.03 0.02
0.05 6.45
0.02 2.38
0.05 0.02
0.01 0.24
0.00 0.00
0.00 1.28
0.00 0.00
0.00 0.01
0.00 0.00
0.00 0.01
0.00 0.01
0.01 0.01
0.00 0.01
0.00 0.00
0.46 1.26
0.01 0.02
0.01 0.01
0.01 0.01
0.00 0.01
0.01 0.01
0.01 0.01
0.01 0.02
0.01 0.01
0.00 0.01
0.00 0.00
0.01 0.00
0.00 0.01
0.01 0.01
0.01 0.00
0.01 0.01
0.01 0.01
0.01 0.01
0.00 0.01
0.01 0.01
0.00 0.01
0.01 0.00
0.01 0.01
0.00 0.01
0.00 1.26
0.00 0.00
0.00 0.01
0.01 0.01
0.00 1.28
0.00 0.00
0.00 0.01
0.00 0.00
0.01 1.28
0.00 0.00
0.00 0.01
0.01 0.01
0.01 0.01
0.00 0.00
0.01 0.00
0.01 0.00
0.00 0.00
0.01 0.00
0.01 0.00
0.01 0.01
0.00 0.01
0.00 0.00
0.01 0.01
0.47 1.30
0.06 0.01
0.04 3.41
0.01 0.00
0.00 0.00
0.01 0.00
0.01 0.01
0.01 0.01
0.00 0.00
0.46 0.01
0.45 0.01
0.01 0.01
0.00 0.03
0.01 0.01
0.00 0.03
0.01 0.00
0.01 0.03
0.01 0.00
0.00 0.01
0.01 0.00
0.02 0.01
0.01 0.01
0.01 0.00
0.00 0.01
0.41 0.12
0.37 0.01
1.81 25.86
0.00 0.00
0.00 0.00
0.00 1.28
0.36 0.01
0.38 0.00
0.00 0.00
0.00 0.01
0.01 1.29
9.83 16.10
24.88 11.67
600 600
0.01 1.62
0.01 6.02
0.00 2.69
0.01 14.26
0.00 0.02
0.01 5.21
0.01 14.16
0.00 0.00
0.18 1.17
0.00 0.01
0.00 0.01
0.00 5.44
0.35 11.02
0.01 0.06
0.39 0.00
0.03 9.15
0.43 0.01
0.00 0.00
9.38 0.85
0.07 16.18
9.42 16.14
0.00 0.03
0.00 600
0.01 0.01
0.19 0.02
0.00 0.00
0.09 0.01
9.38 600
0.01 1.41
0.01 0.00
0.01 0.01
0.02 15.71
9.36 0.01
0.01 0.00
0.02 0.02
0.01 0.01
0.01 1.28
0.00 1.28
0.00 1.28
0.01 0.08
0.00 1.22
0.03 4.57
0.04 4.54
0.00 0.00
0.01 0.01
0.01 0.04
0.00 0.22
0.01 0.21
0.01 0.01
0.01 0.12
0.02 10.46
0.00 0.06
0.00 15.85
0.01 19.19
0.01 16.86
0.02 16.34
0.01 13.64
26.95 0.04
30.61 0.02
0.08 0.02
0.01 6.86
0.00 13.18
0.01 6.97
0.01 13.25
0.01 16.83
0.01 33.79
0.00 16.55
0.01 33.63
0.00 0.59
0.26 51.65
0.10 182.92
0.08 15.84
25.08 23.61
0.02 0.08
0.01 0.01
0.01 1.27
0.01 0.01
0.02 1.27
0.02 0.00
0.02 1.27
7.53 1.28
0.01 0.01
0.00 0.02
0.02 18.35
0.02 18.24
0.02 0.02
0.01 182.03
0.07 0.11
0.01 0.22
0.01 0.22
0.01 0.23
0.01 0.22
0.04 1.86
0.06 1.67
0.19 0.24
0.19 0.24
0.01 0.03
0.00 0.01
0.00 0.03
0.08 10.28
5.58 0.02
0.19 0.01
0.18 0.01
0.00 0.01
0.06 0.01
5.64 0.29
0.06 0.02
0.01 0.00
0.08 0.02
0.26 0.02
0.24 0.02
0.04 0.02
0.01 1.29
0.01 1.29
0.00 9.92
0.01 1.26
0.01 1.25
0.00 1.26
0.01 1.26
0.01 1.26
0.01 1.26
0.01 0.01
0.01 0.02
0.01 0.02
0.01 0.02
0.01 0.01
0.01 0.01
0.01 0.02
0.07 0.02
0.00 1.27
0.01 1.26
0.01 1.27
0.01 1.28
0.01 1.26
0.01 1.25
0.01 1.26
0.01 1.25
0.01 1.26
0.01 1.27
0.01 1.26
0.01 1.26
0.01 2.51
0.04 0.36
0.04 0.07
0.04 0.07
0.29 1.54
0.02 0.41
0.04 1.28
0.04 1.30
0.04 1.40
0.04 1.30
0.04 1.35
0.05 1.28
0.04 1.40
0.04 1.32
0.04 1.32
0.05 1.30
0.02 0.12
0.02 0.22
0.02 16.12
0.02 0.10
0.01 0.07
0.03 16.52
0.05 16.42
0.01 0.02
0.01 0.01
0.02 0.03
0.02 1.31
0.01 0.02
0.01 0.03
0.02 0.15
0.02 0.63
0.01 0.01
0.11 0.26
0.02 0.02
