0.01 0.02
0.44 0.37
0.00 0.00
2.26 2.20
0.00 0.00
0.02 0.03
0.10 0.10
6.49 6.40
0.01 0.45
0.00 0.00
0.00 0.01
0.00 0.00
0.00 0.01
1.27 1.26
0.01 0.02
0.02 0.01
0.01 0.01
0.00 0.01
0.00 0.00
0.00 0.00
0.00 0.01
0.00 0.00
1.28 1.23
0.01 0.01
0.00 0.01
0.00 0.00
1.30 1.26
0.00 0.00
0.01 1.29
0.04 0.03
0.00 0.01
110.51 292.40
0.03 0.02
0.03 0.03
63.62 600
62.47 600
88.20 118.05
0.80 4.07
0.26 20.12
3.62 6.58
0.00 0.01
70.81 25.04
600 168.89
4.89 4.98
0.00 0.00
600 600
600 600
3.44 4.61
5.51 0.72
600 600
72.51 17.08
600 12.52
0.10 0.03
0.16 0.24
0.11 1.34
26.48 4.97
0.02 0.07
600 16.61
0.06 0.02
5.97 164.57
3.85 4.60
0.96 4.61
600 600
13.60 247.21
46.33 600
600 600
0.00 0.02
0.11 0.09
0.32 0.02
0.16 0.08
43.00 18.32
0.02 0.03
45.20 600
29.95 255.35
0.11 0.07
11.15 245.08
0.00 0.00
600 22.22
600 600
600 600
600 600
600 600
600 600
600 600
600 600
600 600
0.07 0.02
0.00 0.00
600 600
0.00 0.02
0.03 3.95
0.14 1.17
15.32 10.36
4.16 600
15.48 11.07
15.07 600
600 600
77.34 600
0.34 8.16
0.16 7.09
600 259.07
0.06 7.71
0.52 2.52
68.74 259.41
77.37 600
0.13 7.41
0.06 4.56
0.20 9.98
0.00 0.00
0.12 0.09
600 600
600 600
600 600
600 600
600 600
600 600
600 600
0.86 0.46
0.00 0.01
0.01 0.80
0.00 1.31
0.00 1.26
0.00 0.00
0.00 1.23
0.01 0.01
0.00 0.02
0.15 1.34
0.00 0.01
0.00 0.76
0.01 0.22
0.00 0.00
0.00 1.00
0.00 0.02
0.02 0.01
0.01 0.02
0.04 1.28
0.00 0.00
0.00 0.01
0.01 0.02
0.00 0.02
0.01 0.01
0.01 1.25
0.00 0.01
0.00 0.01
0.00 0.03
0.00 0.01
0.00 1.09
0.00 0.53
0.01 0.00
0.01 0.03
0.00 1.20
0.00 0.03
0.01 0.02
0.01 0.82
0.01 0.12
0.01 0.16
0.00 0.92
0.00 0.01
0.00 0.74
0.01 0.95
0.00 0.00
0.00 1.05
0.01 1.10
0.00 0.00
0.00 0.01
0.01 0.97
0.02 0.01
0.01 0.02
0.15 1.38
0.00 0.16
0.01 0.04
0.04 1.28
0.01 0.01
0.01 0.01
0.01 1.18
0.01 0.04
0.01 0.02
0.01 1.31
0.01 0.56
0.01 0.10
0.01 1.24
0.34 0.03
0.07 0.02
0.92 1.30
0.00 0.00
0.01 1.30
0.01 0.03
0.02 0.01
0.02 0.01
0.26 1.24
0.01 0.04
0.02 0.01
0.27 1.26
0.16 0.08
0.03 0.09
0.19 1.31
0.20 1.87
0.04 0.02
0.55 1.31
0.01 0.02
0.02 0.01
0.55 1.28
0.01 0.03
0.02 0.02
0.54 1.30
0.54 0.07
0.03 0.09
0.54 1.28
0.00 0.00
0.00 1.30
0.01 2.83
0.00 0.02
0.01 0.01
0.24 2.83
0.12 0.13
0.10 0.60
0.17 2.90
0.01 0.00
0.08 1.38
2.54 2.89
0.00 0.00
0.01 1.31
0.01 1.42
0.02 1.33
0.01 1.60
0.14 5.14
0.00 0.02
0.00 0.01
0.00 0.01
0.00 0.00
0.00 0.00
0.00 0.01
0.00 0.00
0.00 0.00
0.00 0.01
0.00 0.00
0.00 0.00
0.01 0.01
0.01 0.00
0.01 0.00
0.00 0.02
0.00 0.01
0.00 0.00
0.01 0.02
0.00 0.02
0.01 1.30
0.01 0.04
0.00 0.01
0.00 0.01
0.01 1.31
0.00 1.29
0.00 0.00
0.00 0.01
0.00 0.01
0.00 0.00
0.00 0.00
0.01 0.01
0.01 0.02
0.00 0.01
0.01 0.07
0.00 0.01
0.00 0.01
0.01 0.03
0.00 0.00
0.00 0.00
0.00 0.01
0.00 0.00
0.00 0.00
0.00 0.02
0.01 1.34
0.00 2.47
0.02 0.02
0.04 6.94
0.02 2.44
0.05 0.02
0.00 0.04
0.00 0.00
0.00 0.00
0.00 0.01
0.00 0.00
0.00 0.01
0.00 0.01
0.00 0.02
0.00 0.01
0.00 0.02
0.00 0.01
0.80 1.39
0.01 0.07
0.01 0.01
0.00 0.02
0.00 0.01
0.01 0.02
0.01 0.01
0.01 0.07
0.02 0.01
0.00 0.00
0.00 0.01
0.00 0.00
0.00 0.01
0.00 0.01
0.00 0.00
0.00 0.00
0.00 0.00
0.00 0.00
0.00 0.00
0.00 0.01
0.00 0.01
0.00 0.00
0.00 0.00
0.00 0.01
0.00 1.30
0.00 0.01
0.00 0.00
0.00 0.01
0.00 1.28
0.00 0.01
0.00 0.00
0.00 0.00
0.00 1.29
0.00 0.01
0.00 0.00
0.00 0.01
0.00 0.00
0.00 0.01
0.00 0.01
0.00 0.00
0.00 0.00
0.00 0.01
0.00 0.01
0.00 0.00
0.00 0.01
0.00 0.00
0.00 0.00
33.06 1.29
0.08 1.34
0.04 3.33
0.00 0.00
0.00 0.01
0.00 0.01
0.00 0.01
0.00 0.01
0.00 0.00
33.09 1.58
32.59 1.48
0.00 0.01
0.00 0.04
0.01 0.02
0.01 0.03
0.00 0.02
0.00 0.03
0.00 0.01
0.00 0.00
0.00 0.01
0.01 0.01
0.00 0.01
0.01 0.01
0.00 0.01
1.31 0.02
9.30 0.00
600 1.30
15.55 0.05
600 0.02
0.10 0.01
600 1.30
600 1.30
6.77 1.30
600 0.03
600 1.30
600 0.83
600 0.28
60.51 1.29
72.38 1.28
59.98 1.29
600 0.06
600 0.08
267.95 0.08
600 1.26
600 0.23
600 1.29
600 1.30
600 0.02
1.59 1.30
0.02 0.02
600 1.30
6.94 0.04
600 0.16
16.06 1.28
600 0.18
600 0.01
6.34 0.01
7.32 0.02
600 0.02
600 1.28
0.27 0.42
224.46 0.50
600 1.29
600 1.32
600 0.04
0.48 0.10
0.40 0.00
0.00 0.01
1.92 157.49
0.00 0.00
0.00 0.00
0.00 1.31
0.40 0.01
0.41 0.02
0.00 0.00
0.00 0.00
0.01 1.29
9.76 16.00
24.66 55.99
600 600
0.00 1.32
0.01 0.02
0.00 2.23
0.01 0.02
0.00 0.04
0.00 1.93
0.01 0.02
0.00 33.68
0.01 0.02
0.00 0.00
0.00 0.00
0.23 0.06
0.00 0.01
0.18 1.27
0.00 0.01
0.01 0.07
0.01 0.46
0.39 8.73
0.01 0.17
0.40 0.06
0.03 14.08
0.46 0.02
0.00 0.00
6.07 0.83
0.06 16.23
9.20 16.26
0.00 0.24
0.00 6.58
0.01 0.00
0.18 0.07
0.00 0.00
0.08 0.04
9.21 118.62
0.00 1.40
0.01 0.01
0.01 0.00
0.01 3.30
9.40 2.26
0.02 0.10
0.01 0.17
0.00 0.04
0.01 1.29
0.00 1.28
0.00 1.27
0.00 0.08
0.00 1.27
0.03 11.48
0.02 10.36
0.01 0.01
0.00 0.01
0.00 0.08
0.00 0.15
0.00 0.15
0.01 0.01
0.01 0.04
0.03 10.88
0.01 0.05
0.00 15.94
0.01 25.19
0.01 25.63
0.03 16.32
0.01 3.94
24.27 0.08
30.80 0.07
0.07 0.06
0.01 6.79
0.00 12.45
0.00 7.08
0.01 12.60
0.01 12.02
0.01 34.13
0.00 33.93
0.00 33.91
0.00 1.30
0.26 179.91
0.09 181.87
0.07 15.80
25.00 54.30
0.01 0.08
0.00 0.06
0.00 1.27
0.01 0.01
0.01 1.46
0.01 0.02
0.01 0.52
7.65 1.29
0.00 0.01
0.00 0.02
0.01 44.31
0.02 49.50
0.00 0.29
0.00 164.58
0.06 0.03
0.00 0.08
0.00 0.09
0.00 0.09
0.01 0.09
0.05 3.37
0.05 1.94
0.19 3.14
0.20 3.08
0.00 0.06
0.00 0.05
0.00 1.29
0.08 10.39
5.67 0.04
0.18 2.30
0.18 2.22
0.00 0.02
0.05 0.02
5.69 8.53
0.06 0.04
0.01 0.01
0.07 0.04
0.26 0.04
0.25 0.04
0.03 0.04
0.01 0.24
0.01 0.25
0.01 8.98
0.01 1.32
0.01 1.32
0.01 1.23
0.01 1.26
0.01 1.29
0.00 1.30
0.00 0.01
0.00 0.00
0.01 0.01
0.01 0.01
0.00 0.00
0.00 0.00
0.01 0.03
0.06 0.01
0.00 1.27
0.01 1.28
0.01 1.28
0.01 1.32
0.00 1.21
0.01 1.31
0.01 1.27
0.01 1.28
0.01 1.29
0.00 1.28
0.00 1.28
0.01 1.24
0.00 2.03
0.05 1.52
0.05 0.06
0.04 0.06
0.28 11.36
0.01 0.08
0.04 1.35
0.04 1.34
0.03 1.35
0.04 1.34
0.04 1.36
0.04 1.33
0.04 1.38
0.04 1.35
0.04 1.36
0.04 1.34
0.02 0.35
0.02 0.31
0.01 16.29
0.02 0.28
0.01 0.07
0.04 16.64
0.05 16.60
0.01 0.13
0.00 0.01
0.02 0.04
0.01 1.15
0.00 0.17
0.01 0.02
0.02 0.21
0.02 0.71
0.01 0.01
0.12 2.85
0.01 0.04
0.00 0.00
0.00 0.00
