0.00 0.00
0.00 0.00
0.00 0.00
0.01 0.00
0.04 0.01
0.05 0.02
0.12 0.16
0.03 0.03
0.00 0.00
0.00 0.00
0.00 0.00
0.00 0.01
0.00 0.00
0.01 0.51
0.01 0.00
0.01 0.02
0.00 0.00
0.00 0.01
0.00 0.00
0.00 0.00
0.00 0.00
0.00 0.00
0.00 0.00
0.00 0.00
0.00 0.00
0.00 0.00
0.00 0.00
0.00 0.00
0.06 0.04
0.01 0.00
0.00 0.01
17.70 119.17
0.14 0.12
0.14 0.14
73.28 600
0.24 600
263.65 600
1.46 600
2.52 600
1.78 600
0.00 0.01
3.23 600
600 600
123.37 600
0.00 0.01
600 600
600 600
0.10 2.39
0.04 0.18
13.63 600
1.86 600
9.40 600
0.02 0.08
0.03 0.18
0.03 1.32
2.15 600
0.03 0.28
12.11 600
0.05 0.10
1.90 600
0.07 2.46
0.02 0.34
600 600
150.84 600
28.86 600
600 600
0.01 0.22
0.01 0.16
0.02 0.16
0.07 600
23.56 600
0.03 0.15
139.69 600
135.72 600
0.04 600
36.36 600
0.00 0.01
600 600
600 600
600 600
600 600
600 600
600 600
600 600
600 600
41.38 600
0.00 0.06
0.00 0.00
600 600
0.00 0.18
0.02 0.68
0.01 600
0.31 600
0.02 600
0.02 600
0.02 600
10.90 600
5.89 600
0.05 600
0.02 600
600 600
0.01 600
0.01 600
30.99 600
600 600
0.01 600
0.02 600
0.01 600
0.00 0.01
0.01 0.48
600 600
600 600
600 600
600 600
600 600
600 600
100.30 600
26.64 5.28
0.01 0.01
0.00 0.01
0.09 0.01
0.00 0.00
0.00 0.00
0.00 0.01
0.01 0.01
0.00 0.01
0.20 0.01
0.02 0.00
0.01 0.00
0.06 0.02
0.00 0.00
0.00 0.00
0.01 0.01
0.01 0.01
0.00 0.01
0.02 0.01
0.00 0.00
0.00 0.00
0.00 0.00
0.10 0.03
3.06 0.08
0.03 0.00
0.00 0.00
0.00 0.00
0.00 0.01
0.00 0.00
0.00 0.00
0.01 0.01
0.01 0.01
0.01 0.01
0.01 0.00
0.02 0.01
0.02 0.01
0.01 0.01
0.02 0.00
0.01 0.01
0.00 0.01
0.00 0.00
0.00 0.00
0.00 0.01
0.02 0.01
0.01 0.01
0.36 0.00
0.00 0.00
0.00 0.00
0.00 0.00
0.01 0.01
0.01 0.00
0.22 0.01
0.07 0.03
0.80 0.07
0.06 0.00
0.01 0.01
0.01 0.01
0.01 0.01
0.00 0.01
0.00 0.01
0.01 0.01
0.02 0.01
0.01 0.01
0.00 0.00
0.06 0.65
0.02 0.01
7.94 0.01
0.00 0.00
0.00 0.00
0.01 0.01
0.01 0.01
0.02 0.04
0.01 0.01
0.01 0.02
0.01 0.02
0.01 0.00
0.00 0.01
0.02 0.03
0.01 0.00
0.02 0.66
0.02 0.01
57.79 0.00
0.01 0.01
0.03 0.04
0.03 0.01
0.02 0.01
0.02 0.03
0.02 0.00
0.01 0.01
0.02 0.03
0.02 0.01
0.01 0.00
0.01 0.01
0.05 0.30
0.02 0.00
0.00 0.01
0.21 0.26
0.04 0.01
0.04 0.01
0.19 1.37
0.05 0.02
0.02 0.02
0.62 0.38
0.03 0.01
0.01 0.00
0.06 0.38
0.01 0.01
0.01 0.00
0.56 600
0.00 0.20
0.00 0.20
0.00 0.01
0.00 0.00
0.00 0.00
0.00 0.00
0.00 0.00
0.00 0.01
0.00 0.01
0.00 0.00
0.00 0.00
0.00 0.01
0.00 0.00
0.01 0.00
0.01 0.01
0.00 0.00
0.00 0.00
0.00 0.00
0.00 0.00
0.00 0.01
0.01 0.01
0.00 0.00
0.00 0.00
0.02 0.00
0.02 0.00
0.00 0.00
0.00 0.00
0.00 0.00
0.00 0.00
0.00 0.00
0.00 0.01
0.00 0.00
0.00 0.00
0.00 0.02
0.00 0.00
0.00 0.00
0.01 0.03
0.00 0.00
0.00 0.00
0.01 0.01
0.03 0.01
0.02 0.01
0.01 0.01
0.17 0.02
0.03 0.02
0.01 0.02
0.03 0.01
0.02 0.01
0.02 0.03
0.00 0.00
0.00 0.00
0.00 0.00
0.00 0.01
0.00 0.00
0.00 0.00
0.00 0.01
0.00 0.00
0.00 0.00
0.00 0.01
0.00 0.00
0.53 0.01
0.05 0.01
0.00 0.01
0.00 0.00
0.00 0.01
0.00 0.00
0.00 0.01
0.01 0.01
0.01 0.01
0.00 0.01
0.00 0.00
0.00 0.00
0.00 0.00
0.00 0.01
0.00 0.00
0.00 0.01
0.00 0.00
0.00 0.01
0.00 0.00
0.00 0.00
0.00 0.00
0.00 0.01
0.00 0.00
0.00 0.00
0.00 0.00
0.00 0.01
0.00 0.00
0.00 0.00
0.00 0.00
0.00 0.01
0.00 0.00
0.00 0.00
0.00 0.00
0.00 0.01
0.00 0.00
0.00 0.00
0.00 0.00
0.00 0.01
0.00 0.00
0.00 0.01
0.00 0.00
0.00 0.00
0.00 0.00
0.00 0.00
0.00 0.00
0.00 0.01
0.00 0.00
0.68 0.01
0.01 0.00
0.12 0.12
0.00 0.01
0.00 0.00
0.00 0.00
0.00 0.00
0.01 0.01
0.01 0.00
0.06 0.01
0.06 0.00
0.00 0.01
0.00 0.01
0.01 0.01
0.01 0.01
0.01 0.01
0.01 0.00
0.00 0.00
0.00 0.00
0.00 0.00
0.01 0.01
0.01 0.01
0.00 0.00
0.00 0.01
10.33 0.01
1.88 0.01
600 0.01
600 0.01
600 0.01
0.23 0.02
600 0.02
600 0.02
600 0.02
600 0.02
600 0.01
600 0.02
600 0.02
600 0.02
600 0.02
600 0.02
600 0.02
600 0.02
600 0.03
600 0.02
600 0.02
600 0.03
600 0.02
600 0.03
0.43 0.03
0.03 0.02
600 0.03
8.21 0.02
600 0.03
6.44 0.03
600 0.03
600 0.04
600 0.03
600 0.03
600 0.03
600 0.03
600 0.03
600 0.03
600 0.03
600 0.05
600 0.06
0.36 0.00
0.00 0.00
0.00 0.00
600 1.97
0.00 0.00
0.02 0.00
0.00 0.00
0.00 0.00
0.01 0.03
0.00 0.00
0.00 0.00
0.01 0.04
1.26 600
166.67 36.42
600 600
0.03 0.01
0.36 0.62
0.13 0.08
1.88 0.18
13.51 12.19
0.13 0.10
75.63 2.97
0.02 0.02
0.02 0.02
0.00 0.00
0.00 0.00
0.02 0.02
0.00 0.00
0.01 0.01
0.00 0.00
0.02 0.00
20.59 600
0.01 0.03
0.09 0.03
0.00 0.00
125.35 79.13
0.00 0.00
0.03 0.00
0.47 0.42
29.74 0.02
29.98 0.02
0.00 0.01
0.01 0.04
0.00 0.00
0.60 0.06
0.02 0.00
0.03 0.01
600 0.07
18.52 0.03
0.16 0.01
0.17 0.01
39.75 600
0.04 0.01
0.02 0.02
0.01 0.02
0.63 0.01
0.15 0.13
0.08 0.21
0.07 0.87
0.01 0.00
0.01 0.02
0.17 600
0.16 600
0.01 0.00
0.00 0.00
0.18 0.01
0.02 5.35
0.02 5.46
0.00 0.01
0.00 0.01
0.01 0.02
0.00 0.00
154.55 600
2.86 600
0.24 600
43.05 600
182.05 600
3.28 68.58
3.23 600
0.02 0.11
3.17 600
8.26 600
3.21 600
12.32 600
3.20 600
12.37 600
3.18 600
8.09 600
0.37 0.86
600 600
600 600
44.34 600
115.81 0.15
0.01 0.02
0.00 0.01
600 0.93
0.00 0.00
1.18 0.01
0.43 0.01
3.17 0.17
0.16 0.19
0.02 0.01
0.08 0.01
108.65 600
99.80 600
0.15 0.03
32.83 600
0.07 0.14
0.03 0.01
0.02 0.00
0.02 0.01
0.01 0.01
6.62 1.38
5.96 1.40
600 0.02
600 0.02
0.18 0.01
0.14 0.02
0.20 0.02
1.84 6.84
2.26 0.16
0.00 0.01
0.00 0.01
0.01 0.03
0.01 0.01
2.83 0.26
1.58 0.24
0.08 0.01
0.04 103.85
0.93 0.04
0.83 0.02
0.01 0.01
0.13 0.02
4.36 0.02
0.32 600
0.10 0.01
0.09 0.01
0.08 0.01
0.09 0.00
0.09 0.00
0.10 0.01
0.04 0.00
0.04 0.01
0.04 0.00
0.04 0.00
0.03 0.01
0.02 0.01
1.22 0.00
0.02 0.18
0.10 0.00
0.10 0.00
0.08 0.01
0.08 0.00
0.10 0.01
0.10 0.01
0.10 0.00
0.10 0.01
0.09 0.01
0.10 0.00
0.10 0.00
0.11 0.00
3.15 0.03
3.18 0.01
0.12 0.01
0.12 0.01
3.24 0.12
0.00 0.02
0.06 0.94
0.08 0.88
0.14 600
0.07 1.72
0.07 600
0.07 1.16
0.08 600
0.07 1.44
0.07 600
0.07 0.78
0.02 0.02
0.02 0.03
0.05 26.57
0.02 0.03
0.03 0.01
0.61 20.39
0.60 20.34
0.40 0.01
0.01 0.01
0.08 0.05
0.02 10.72
23.96 0.01
0.01 0.02
0.01 39.33
0.02 600
0.02 0.01
0.05 0.13
1.35 0.01
0.00 0.00
0.00 0.00
