0.00 0.01
0.01 0.01
0.01 0.01
0.01 0.01
0.01 0.00
0.01 0.01
0.01 0.01
0.01 0.01
0.02 0.01
0.01 0.01
0.01 0.00
0.02 0.00
0.01 0.01
0.02 0.01
0.01 0.01
0.01 0.01
0.00 0.01
0.02 0.01
0.01 0.84
2.10 1.32
0.01 0.52
1.32 0.46
0.01 0.07
0.34 0.08
0.02 0.06
0.01 0.00
0.01 0.01
0.02 0.01
0.01 0.06
0.01 0.08
0.01 0.06
0.01 0.01
0.01 0.03
0.02 0.03
0.36 1.35
0.01 0.05
0.36 0.07
0.01 0.01
600 600
0.01 0.01
0.01 0.01
0.01 0.01
0.00 0.01
0.01 0.01
0.01 0.01
0.01 0.01
0.00 0.01
0.01 0.00
0.06 0.01
0.07 0.06
0.37 1.33
0.01 0.01
0.07 0.00
0.38 0.30
600 600
0.01 0.01
0.05 0.01
0.38 0.24
600 600
600 600
600 600
0.02 0.19
600 600
600 600
600 600
600 600
600 600
600 600
600 600
3.29 206.42
0.80 204.72
0.72 206.30
0.88 206.28
600 212.12
0.24 0.26
0.94 3.30
4.26 1.26
2.84 14.99
0.02 0.71
0.00 0.01
0.02 0.00
0.01 0.01
0.01 0.08
0.02 0.00
0.01 0.02
0.02 0.02
0.62 0.08
0.41 0.04
0.43 0.04
0.46 0.03
0.42 0.03
1.61 0.07
0.40 0.04
0.39 0.04
0.43 0.07
1.45 0.06
0.40 0.05
600 600
0.91 0.38
2.83 0.17
0.42 0.06
0.45 0.08
600 600
0.07 0.07
1.37 0.05
0.01 0.01
600 600
0.02 0.01
1.42 0.06
0.02 0.01
1.35 0.06
600 600
0.13 0.01
600 600
600 600
1.38 0.07
0.02 0.01
0.12 0.10
1.36 0.04
0.02 0.02
0.02 0.02
0.02 0.02
0.01 0.01
0.02 0.02
0.01 0.01
0.01 0.02
0.02 0.02
0.02 0.02
0.01 0.02
0.03 0.34
0.02 0.02
0.03 0.02
0.01 0.01
0.01 0.01
0.01 0.01
0.01 0.01
0.01 0.01
0.01 0.01
0.01 0.01
0.02 0.01
0.02 0.02
600 600
0.01 0.01
0.01 0.02
0.01 0.02
0.01 0.02
0.01 0.02
0.01 0.01
0.02 0.02
0.02 0.02
0.02 0.02
0.02 1.31
0.02 1.29
0.04 1.23
0.08 0.04
0.55 0.10
0.43 0.07
0.13 0.07
0.13 0.07
0.42 0.06
0.29 0.07
0.14 0.05
600 600
600 600
0.02 0.38
0.03 1.28
0.02 0.50
0.02 0.02
0.02 0.02
0.01 0.01
600 600
0.42 0.05
600 600
600 0.55
1.42 0.45
600 600
0.43 0.11
0.55 0.05
0.58 0.04
1.45 0.08
600 600
0.02 0.01
600 600
0.02 0.02
0.41 0.05
0.01 0.02
600 600
0.50 0.30
0.00 0.02
600 600
0.02 0.01
600 600
0.02 0.01
0.02 0.01
0.08 0.04
0.09 0.03
0.07 0.04
0.08 0.04
0.08 0.04
0.08 0.04
0.03 0.32
0.02 0.25
0.02 0.26
0.03 0.11
0.02 0.08
0.03 0.36
0.02 0.02
0.02 0.02
0.02 0.01
0.01 0.02
0.02 0.01
0.01 0.01
0.04 0.47
0.03 0.47
0.08 0.06
0.07 0.02
0.07 0.02
0.05 0.12
0.08 0.07
0.08 0.02
0.07 0.02
0.05 0.12
0.14 0.02
0.14 0.02
0.05 0.44
0.06 0.46
0.03 0.50
0.03 0.02
0.24 0.07
0.04 0.02
0.04 0.01
0.03 0.02
0.02 0.02
0.04 0.02
0.03 0.02
0.06 0.02
0.03 0.01
0.03 0.02
0.03 0.02
0.03 0.02
0.01 0.01
0.02 0.01
0.07 0.64
0.05 0.07
0.02 0.02
0.03 0.02
0.03 0.02
0.02 0.02
0.03 0.02
0.02 0.55
0.05 0.54
0.05 0.04
0.06 0.04
0.06 0.02
0.06 0.02
0.06 0.02
0.08 0.02
0.07 0.02
0.06 0.04
0.39 0.02
0.06 0.02
0.06 0.04
0.06 0.04
0.07 0.03
0.07 0.03
0.14 0.02
0.37 0.02
0.04 0.02
0.36 0.01
0.38 0.02
0.04 0.01
0.04 0.02
0.05 0.02
0.05 0.02
0.05 0.02
0.05 0.02
0.05 0.02
0.05 0.02
0.05 0.02
0.05 0.02
0.05 0.02
0.04 0.02
0.04 0.02
0.05 0.02
0.05 0.02
0.04 0.02
0.06 0.02
0.05 0.02
0.05 0.02
0.05 0.02
0.05 0.01
0.04 0.02
0.03 0.01
2.56 8.52
0.24 7.53
0.34 7.89
2.92 30.56
0.11 9.38
0.09 9.38
0.10 1.28
0.06 1.29
0.20 10.53
0.06 0.08
0.39 7.72
2.56 7.64
0.08 7.63
0.05 0.04
0.12 0.26
0.06 0.04
0.04 0.04
0.07 0.33
0.18 7.86
10.24 251.66
0.17 1.00
0.24 7.54
2.54 12.77
2.55 13.36
2.94 261.34
2.49 1.29
9.83 12.01
2.68 9.07
2.65 1.62
1.00 1.49
2.64 9.48
0.23 1.29
0.36 1.53
0.56 1.57
