600 600
600 600
600 0.02
600 600
600 600
600 600
600 600
600 600
600 600
600 600
600 600
600 600
600 600
0.44 600
600 600
600 600
600 600
600 600
600 600
600 600
600 600
600 600
600 600
600 600
600 600
600 600
0.02 0.02
0.02 0.02
0.02 0.02
0.02 0.02
0.02 0.02
0.01 0.01
0.02 0.02
0.01 0.02
0.02 0.01
0.01 0.02
0.01 0.01
0.00 0.01
0.01 0.01
0.02 0.01
0.02 0.01
0.00 0.01
0.01 0.01
0.01 0.01
0.01 0.01
0.01 0.01
0.03 0.02
0.02 0.01
0.01 0.02
600 600
600 0.04
600 0.04
0.06 0.10
0.04 0.04
0.04 0.05
0.04 0.04
0.08 0.08
0.22 0.30
1.08 8.55
600 600
600 600
600 600
0.02 0.02
0.03 0.04
0.03 0.05
600 600
600 600
600 600
0.52 0.50
600 32.10
600 600
600 600
600 600
0.00 0.01
0.08 0.09
0.01 0.02
0.12 0.14
0.01 0.02
0.17 0.21
0.01 0.01
0.07 0.09
0.02 0.02
0.12 0.17
0.01 0.02
0.25 0.22
0.01 0.01
0.13 0.15
0.01 0.02
0.14 0.16
0.02 0.02
0.23 0.19
0.02 0.02
0.17 0.19
0.01 0.02
0.14 0.14
0.04 0.13
600 600
0.02 0.02
0.12 0.16
0.02 0.02
0.17 0.19
0.04 0.12
600 600
0.03 0.04
0.54 0.42
0.02 0.02
0.12 0.15
0.02 0.01
0.15 0.18
0.01 0.02
0.08 0.10
0.02 0.02
0.16 0.19
0.02 0.02
0.26 0.22
0.01 0.02
0.08 0.10
0.00 0.01
0.13 0.16
0.01 0.00
0.13 0.16
0.04 0.13
600 600
0.02 0.02
0.14 0.18
0.02 0.01
0.12 0.16
0.01 0.02
0.16 0.22
0.01 0.01
0.09 0.10
0.02 0.01
0.12 0.16
0.02 0.02
0.13 0.15
0.01 0.02
0.26 0.22
0.02 0.01
0.54 0.24
0.01 0.01
0.12 0.17
0.01 0.01
0.12 0.15
0.01 0.03
0.18 0.16
0.01 0.10
600 600
0.02 0.01
0.55 0.26
0.02 0.01
0.56 0.26
0.01 0.01
0.12 0.15
0.01 0.01
0.12 0.16
0.02 0.02
0.16 0.19
0.01 0.01
0.15 0.15
0.01 0.01
0.12 0.15
0.01 0.02
0.09 0.11
0.02 0.02
0.17 0.18
0.02 0.02
0.14 0.16
0.02 0.00
0.08 0.08
0.01 0.02
0.80 0.29
0.01 0.02
0.14 0.18
0.00 0.02
0.02 0.02
600 0.02
600 0.02
600 600
600 600
0.02 0.02
0.02 0.01
600 600
0.01 0.02
600 600
1.32 600
0.31 600
600 600
600 600
0.02 0.02
0.01 0.01
0.02 0.02
600 600
22.01 600
600 600
600 600
600 600
600 600
600 600
0.02 0.02
0.02 0.02
0.02 0.02
600 600
0.03 0.04
600 600
0.02 0.03
600 600
4.05 0.02
35.21 0.07
600 0.02
0.01 0.02
600 0.03
0.01 0.01
600 0.04
0.02 0.02
600 274.83
0.01 0.02
600 0.02
0.01 0.02
600 600
3.98 0.03
600 0.02
0.02 0.01
600 600
0.02 0.02
600 600
600 600
0.02 0.02
0.03 0.02
0.02 0.02
600 600
600 600
600 600
0.05 0.07
600 600
600 0.05
600 600
600 600
0.01 0.01
600 0.02
0.01 0.01
0.02 0.02
600 0.04
0.02 0.02
0.03 0.02
600 0.04
0.01 0.01
0.02 0.02
600 0.03
0.02 0.02
600 600
600 0.05
600 600
600 0.05
600 0.03
0.01 0.02
600 600
0.02 0.03
0.01 0.02
0.02 0.02
600 600
17.90 600
23.36 600
600 600
600 600
2.92 0.08
600 600
600 600
0.10 0.02
600 600
600 600
600 600
600 600
600 600
600 600
600 600
600 600
600 600
600 600
600 600
600 600
600 600
600 600
600 600
600 600
600 600
600 600
600 600
600 600
600 600
600 600
600 0.03
0.02 0.02
0.01 0.02
0.02 0.01
600 600
600 600
0.04 0.02
600 0.02
600 600
0.02 0.02
0.01 0.02
600 600
600 600
600 600
600 600
600 600
600 600
600 600
600 600
600 600
600 600
600 600
600 600
600 600
0.02 0.02
600 600
0.01 0.02
600 600
600 600
0.01 0.03
600 600
0.03 0.02
0.01 0.02
600 600
600 600
600 600
600 600
600 600
0.02 0.02
600 0.03
600 600
0.02 0.01
0.01 0.01
0.01 0.02
600 0.04
0.02 0.02
0.01 0.02
600 600
600 600
600 600
600 600
600 600
600 600
600 600
600 600
600 600
600 600
600 600
600 600
600 600
600 600
600 600
600 600
600 600
600 600
0.95 11.07
0.01 0.02
0.02 0.01
0.01 0.02
0.01 0.02
0.02 0.01
0.02 0.04
0.01 0.02
0.01 0.01
0.02 0.06
0.02 0.02
0.02 0.01
0.02 0.03
0.01 0.01
0.02 0.04
0.02 0.02
0.01 0.03
0.01 0.02
0.03 0.24
0.02 0.02
0.02 0.02
0.01 0.03
0.01 0.04
0.02 0.02
0.02 0.13
0.01 0.01
0.01 0.01
0.01 0.02
0.00 0.01
0.02 0.03
0.01 0.03
0.00 0.03
0.04 0.04
0.02 0.11
0.01 0.05
0.03 0.04
0.03 0.04
0.02 0.02
0.03 0.03
0.03 0.12
0.00 0.02
0.02 0.03
0.02 0.02
0.00 0.02
0.02 0.02
0.02 0.02
0.01 0.01
0.00 0.02
0.01 0.03
0.01 0.05
0.02 0.02
0.01 0.56
0.01 0.03
0.02 0.03
0.02 0.17
0.01 0.04
0.03 0.03
0.03 0.07
0.01 0.02
0.03 0.04
0.01 0.14
0.02 0.03
0.03 0.04
0.06 0.08
0.02 0.04
0.03 0.04
0.02 600
0.01 0.02
0.02 0.05
0.08 0.08
0.02 0.23
0.02 0.04
0.02 0.09
0.02 0.07
0.02 0.04
0.04 600
0.02 600
0.03 0.04
0.04 0.10
0.02 0.14
0.03 0.06
0.02 0.65
0.02 1.67
0.03 0.04
0.02 600
0.02 0.03
0.04 0.04
0.02 0.14
0.06 0.08
0.04 0.11
0.03 600
0.02 0.01
0.02 0.02
0.02 0.02
0.01 0.03
0.02 0.02
0.02 0.04
0.02 0.02
0.03 0.06
0.02 0.12
0.01 0.01
0.02 0.03
0.02 0.02
0.01 0.02
0.02 0.02
0.02 0.02
0.02 0.03
0.01 0.03
0.02 0.05
0.02 0.02
0.01 0.02
0.02 0.02
0.01 0.01
0.01 0.01
0.01 0.01
0.01 0.01
0.00 0.02
0.01 0.02
0.01 0.01
0.01 0.01
0.01 0.03
0.00 0.02
0.02 0.01
0.01 0.02
0.02 0.02
0.02 0.01
0.04 0.03
0.01 0.02
600 0.06
0.02 0.03
0.02 0.04
0.02 0.02
0.01 0.04
0.04 0.16
0.01 0.02
0.02 0.02
0.02 0.02
0.01 0.01
0.01 0.02
0.01 0.03
0.01 0.02
0.01 0.02
0.02 0.02
0.01 0.02
0.01 0.02
0.01 0.03
0.02 0.01
0.01 0.02
0.02 0.02
0.01 0.01
0.01 0.02
0.01 0.02
0.03 0.05
0.02 0.03
0.02 0.02
0.14 0.02
0.04 0.02
0.02 0.02
0.02 0.03
0.01 0.01
0.02 0.02
0.01 0.02
0.01 0.02
0.02 0.03
0.01 0.02
0.01 0.03
0.02 0.02
0.02 0.02
0.01 0.02
600 600
0.12 0.12
0.02 0.03
0.02 0.03
0.01 0.02
0.03 0.23
0.02 0.03
0.13 0.58
0.04 0.11
0.02 0.02
0.02 0.02
0.02 0.03
0.02 0.02
0.02 0.03
0.02 0.02
0.02 0.03
0.02 0.02
0.01 0.04
0.01 0.02
0.01 0.03
0.02 0.02
0.02 0.03
0.02 0.02
0.02 0.03
0.02 0.02
0.01 0.02
0.02 0.02
0.02 0.02
0.02 0.02
0.02 0.03
0.02 0.02
0.02 0.03
0.02 0.02
0.02 0.03
0.02 0.02
0.02 0.03
0.02 0.02
0.02 0.02
0.02 0.02
0.01 0.03
0.02 0.02
0.02 0.03
0.02 0.02
0.02 0.03
0.01 0.02
0.01 0.03
0.02 0.02
600 600
0.05 0.47
0.02 0.02
0.01 0.03
0.02 0.02
0.02 0.02
0.01 0.02
0.02 0.03
0.02 0.03
600 600
600 600
0.02 0.06
0.02 0.02
0.02 0.03
0.02 0.03
0.02 0.03
0.02 0.02
0.02 0.03
0.01 0.02
0.02 0.02
0.02 0.02
0.01 0.02
0.02 0.03
0.02 0.02
0.01 0.02
600 9.44
0.02 0.02
0.32 600
600 600
0.06 600
0.36 0.06
1.53 600
600 600
0.01 0.13
0.01 0.02
287.98 600
0.33 600
194.81 600
2.33 0.78
600 600
600 600
0.03 0.04
0.03 0.04
0.04 0.05
0.04 0.04
0.02 0.04
0.04 0.04
0.04 0.04
0.02 0.04
0.04 0.04
0.04 0.05
0.03 0.04
0.03 0.04
0.03 0.04
0.04 0.04
0.01 0.04
0.04 0.05
0.04 0.04
0.04 0.05
0.02 0.05
0.04 0.05
0.03 0.04
0.04 0.06
0.03 0.04
0.04 0.05
0.03 0.04
0.02 0.02
0.04 0.05
0.04 0.04
0.03 0.04
0.03 0.04
0.04 0.05
0.02 0.04
0.04 0.05
0.03 0.04
0.04 0.05
0.03 0.03
0.05 0.20
0.03 0.04
600 600
0.02 0.04
0.03 0.04
0.04 0.05
0.03 0.04
0.04 0.04
0.03 0.04
0.03 0.04
0.03 0.05
0.02 0.04
0.03 0.04
0.02 0.86
0.04 0.25
0.02 0.05
0.02 0.04
0.04 0.92
600 600
0.03 0.04
0.04 0.03
0.05 0.14
600 600
0.02 0.02
0.01 0.01
0.02 0.01
0.01 0.02
0.02 0.01
0.02 0.02
0.02 0.02
0.02 0.03
0.01 0.02
0.02 0.02
0.01 0.02
0.02 0.02
0.01 0.01
0.01 0.01
600 600
600 600
600 600
600 600
600 600
600 600
600 600
600 600
600 600
0.04 0.02
600 7.59
600 600
600 600
600 600
600 600
600 600
600 600
600 600
0.03 0.02
600 600
600 600
600 600
0.02 0.01
600 600
600 600
600 600
600 600
600 600
600 600
600 600
600 600
0.02 0.05
0.02 0.05
0.02 0.05
0.12 3.65
600 600
37.99 15.22
0.10 65.41
600 130.51
600 600
0.19 0.43
0.21 0.38
0.02 0.03
0.02 0.02
0.02 0.01
0.01 0.01
0.02 0.01
0.01 0.02
0.01 0.02
0.02 0.02
0.06 0.02
0.10 0.03
0.08 0.03
0.08 0.05
0.04 0.07
0.04 0.09
0.01 0.01
0.01 0.01
0.01 0.10
0.02 0.09
0.01 0.02
0.05 0.06
0.00 0.02
0.02 0.02
0.02 0.02
0.01 0.01
0.01 0.01
0.01 0.02
0.01 0.02
0.01 0.02
0.02 0.02
0.02 0.03
0.01 0.02
0.01 0.02
0.01 0.02
0.02 0.02
0.01 0.02
0.02 0.01
0.02 0.03
0.01 0.04
0.01 0.01
0.01 0.02
0.02 0.01
0.02 0.00
0.02 0.07
0.03 0.06
0.07 0.05
0.03 0.10
0.01 0.02
0.01 0.02
0.00 0.01
0.02 0.01
0.01 0.01
0.00 0.01
0.02 0.01
0.01 0.02
0.02 0.02
0.01 0.02
0.04 0.07
0.06 0.08
0.06 0.05
0.05 0.07
0.12 0.26
0.11 0.42
0.25 0.29
0.23 0.28
0.02 0.02
0.02 0.03
0.02 0.02
0.01 0.05
0.04 0.07
0.02 0.02
600 0.02
600 0.02
600 0.01
600 600
600 600
0.02 0.01
0.01 0.02
600 600
600 600
0.01 0.01
0.12 0.01
0.02 0.20
0.01 0.02
600 600
600 600
0.00 0.02
0.02 0.00
600 0.02
0.02 0.02
223.72 600
0.02 0.02
0.02 0.02
0.01 0.01
0.02 0.02
0.02 0.02
0.02 0.02
0.02 0.03
0.02 0.03
0.01 0.02
0.02 0.02
0.02 0.02
0.02 0.02
0.02 0.02
0.02 0.02
0.02 0.02
0.01 0.02
0.02 0.02
0.01 0.02
0.02 0.01
0.02 0.02
0.02 0.03
0.02 0.03
0.02 0.03
0.01 0.02
0.02 0.02
0.02 0.03
0.01 0.02
600 600
600 600
600 600
600 600
600 600
600 600
600 600
600 600
600 600
600 600
600 600
600 600
600 600
600 600
600 600
600 600
600 600
600 600
600 600
600 600
600 600
0.03 0.04
0.14 0.52
0.03 0.06
600 600
0.23 0.51
9.41 18.07
1.72 1.66
600 600
600 600
600 600
600 600
600 600
600 600
600 600
600 600
600 600
600 600
600 600
600 600
600 600
600 600
600 600
600 600
600 600
600 600
600 600
600 600
600 600
600 600
600 600
600 600
600 600
600 600
600 600
600 600
600 600
600 600
600 600
600 600
600 600
33.91 1.20
600 600
600 600
12.85 600
600 600
600 600
600 600
600 600
600 600
600 600
0.02 0.02
0.10 0.12
0.10 0.12
600 600
600 600
600 600
600 600
0.01 0.01
0.15 3.62
0.02 0.01
0.10 0.01
0.02 0.02
0.02 0.02
600 0.01
0.12 0.14
0.12 0.12
0.13 0.12
0.12 0.15
0.13 0.14
0.12 0.11
0.11 0.12
600 600
600 600
0.03 0.03
600 600
600 600
0.26 0.10
600 600
600 600
0.05 0.04
600 0.04
600 600
600 600
0.04 0.04
0.04 0.04
0.02 0.06
0.03 0.05
0.10 0.13
0.10 0.11
0.10 0.10
0.09 0.10
0.11 0.10
600 600
0.09 0.10
600 600
0.09 0.11
0.41 0.12
600 600
0.10 0.11
0.11 0.12
600 600
600 600
0.12 0.12
0.12 0.12
0.12 0.12
0.10 0.11
0.12 0.11
0.12 2.09
0.11 0.11
0.11 0.11
0.11 0.11
0.10 0.12
0.10 0.11
0.10 0.11
0.11 0.12
0.10 0.11
0.10 0.12
0.11 0.12
0.10 0.12
0.10 0.12
0.11 0.11
600 600
600 600
0.12 0.12
600 600
0.11 0.12
0.12 0.12
0.11 0.12
0.12 0.12
0.12 0.12
0.11 0.12
0.11 0.12
0.12 0.14
0.13 0.12
0.14 0.14
0.14 0.12
0.14 0.13
0.02 0.02
0.02 0.01
0.01 0.01
0.02 0.01
0.02 0.63
0.04 22.30
600 600
0.02 0.02
600 600
600 600
0.07 600
600 600
600 600
600 600
600 600
600 600
600 600
600 600
0.02 0.01
0.01 0.04
0.02 0.02
600 0.07
0.12 600
0.01 0.02
0.04 600
0.02 0.02
0.01 0.02
600 600
600 600
0.01 0.02
0.02 0.02
600 600
600 600
0.02 0.02
600 600
0.02 0.02
0.10 0.02
0.01 0.02
600 600
600 0.04
0.03 0.04
600 189.63
0.03 0.03
177.57 600
0.02 0.03
600 600
0.02 0.02
600 600
0.02 0.02
0.02 0.03
0.03 0.02
0.02 0.04
0.03 0.04
600 600
0.02 0.03
600 600
0.04 0.02
0.04 0.03
0.03 0.03
0.03 0.03
600 600
600 600
600 600
0.02 0.02
600 600
0.06 0.12
600 600
0.02 0.05
600 600
0.04 62.20
0.04 0.05
600 600
600 600
600 600
0.05 0.07
600 600
0.06 0.16
600 600
4.97 600
600 600
600 600
600 600
600 600
600 600
19.70 600
600 600
0.06 0.07
600 600
600 600
600 600
600 600
0.07 0.08
600 600
600 600
0.06 0.07
600 600
0.07 0.08
0.06 0.08
0.06 0.08
600 600
600 600
600 600
0.09 0.10
600 600
600 600
600 600
600 600
0.09 0.11
600 600
0.24 1.37
600 600
600 600
600 600
600 600
600 600
0.09 0.09
600 600
0.11 0.11
164.77 600
0.10 0.14
600 600
0.10 0.10
600 600
0.15 0.15
0.45 1.90
600 600
600 600
600 600
0.10 0.14
600 600
600 600
600 600
600 600
600 600
600 600
600 600
600 600
600 600
600 600
600 600
600 600
600 600
600 600
600 600
600 600
0.12 0.14
0.12 0.16
600 600
600 600
600 600
0.82 2.06
600 600
600 600
0.28 0.40
600 0.02
600 38.17
0.14 0.15
600 600
600 600
600 600
0.17 0.18
600 600
600 0.01
600 0.22
0.01 0.01
0.17 0.18
600 600
600 600
600 600
0.58 1.14
0.02 0.02
38.16 600
20.52 269.45
27.85 234.43
600 600
600 600
600 600
0.16 0.19
600 600
600 600
600 600
600 600
600 600
600 600
600 600
600 600
600 600
600 600
600 600
600 600
600 600
600 600
0.43 0.46
600 600
0.43 0.47
600 600
0.44 0.45
0.41 0.42
600 600
600 600
600 600
600 600
600 600
600 600
600 600
600 600
600 600
0.50 0.54
0.70 0.97
0.71 0.98
0.50 0.58
0.55 0.59
0.49 0.52
0.50 0.60
600 600
600 600
600 600
600 600
600 600
600 600
600 600
600 600
600 600
600 600
600 600
600 600
10.82 103.78
0.60 0.67
600 600
600 600
600 600
0.61 0.69
0.60 0.62
600 600
600 600
600 600
600 600
600 600
600 600
600 600
600 600
600 600
600 600
600 600
600 114.49
600 600
0.85 0.92
600 600
600 600
600 600
600 600
600 600
600 600
600 600
600 600
600 600
600 600
600 600
0.90 0.99
600 600
600 600
600 600
600 600
600 600
600 600
600 600
0.94 0.99
1.40 2.52
600 600
600 600
600 600
600 600
600 600
600 600
600 600
600 600
2.38 4.75
600 600
1.16 1.33
1.15 1.14
2.38 4.85
600 600
600 600
600 600
600 600
600 600
600 600
1.08 1.13
600 600
600 600
600 600
5.97 38.10
1.06 1.19
600 600
600 600
600 600
600 600
600 600
600 600
9.42 86.27
600 600
600 600
600 600
600 600
600 600
600 600
600 600
600 600
600 600
600 600
600 600
600 600
600 600
0.02 0.01
0.02 0.02
0.01 0.02
0.01 0.02
0.01 0.02
0.01 0.01
0.01 0.01
0.00 0.01
0.05 0.12
0.05 0.13
0.29 600
0.36 600
0.36 600
0.28 600
0.25 600
600 600
0.14 86.73
0.14 600
0.25 600
600 600
0.23 600
600 600
0.85 600
600 600
0.26 600
0.18 600
600 600
0.08 0.26
0.15 143.46
0.05 0.13
600 600
0.04 0.13
0.08 0.18
0.04 0.10
0.08 0.19
600 600
0.07 0.18
600 600
600 600
0.12 105.33
0.04 0.12
0.09 56.42
0.06 0.16
0.05 0.12
0.04 0.12
0.06 0.12
0.05 0.13
0.05 0.12
0.05 0.12
0.04 0.12
0.06 0.18
0.06 0.17
0.05 0.11
0.08 0.17
0.06 0.14
0.08 0.17
0.04 0.12
0.06 0.12
0.06 0.11
0.05 0.12
0.05 0.11
0.04 0.12
0.06 0.12
0.05 0.14
0.05 0.12
600 600
0.04 0.11
0.04 0.12
0.03 0.12
0.05 0.12
0.05 0.10
0.04 0.12
0.05 0.12
0.04 0.12
0.05 0.12
600 600
600 600
600 600
0.08 0.21
0.19 600
0.20 140.19
0.12 33.21
0.11 33.55
0.18 600
0.10 17.52
0.10 18.54
600 600
600 600
600 600
600 600
600 600
0.03 0.12
0.04 0.13
0.04 0.12
600 600
0.35 600
600 600
0.20 600
0.31 600
600 600
0.18 600
0.32 600
0.13 600
0.28 600
600 600
0.05 0.12
600 600
0.05 0.12
0.11 74.18
0.05 0.11
600 600
0.24 600
0.04 0.13
600 600
0.04 0.12
600 600
0.06 0.14
0.04 0.15
0.06 0.16
0.06 0.18
0.07 0.16
0.07 0.16
0.06 0.18
0.06 0.16
0.07 0.18
0.08 0.17
0.07 0.18
0.06 0.18
0.06 0.20
0.06 0.17
0.06 0.17
0.08 0.17
0.07 0.17
0.07 0.16
0.07 0.18
0.06 0.16
0.07 0.18
0.06 0.18
0.07 0.18
0.06 0.17
0.07 0.16
0.06 0.22
0.08 0.20
0.07 0.18
0.07 0.18
0.07 0.26
0.06 0.16
0.08 0.17
0.07 0.19
0.07 0.20
0.06 0.18
0.07 0.18
0.06 0.20
0.07 0.16
0.06 0.18
0.07 0.18
0.07 0.18
0.07 0.18
0.06 0.18
0.06 0.17
0.06 0.18
0.08 0.17
0.08 0.18
0.06 0.19
0.04 0.14
0.07 0.18
0.07 0.23
0.07 0.17
0.07 0.17
0.06 0.18
0.08 0.18
0.07 0.17
0.07 0.18
0.08 0.19
0.07 0.17
0.07 0.17
0.07 0.18
0.08 0.19
0.08 0.17
0.06 0.20
0.06 0.18
0.07 0.15
0.07 0.17
0.55 600
0.07 0.19
0.07 0.17
0.07 0.18
0.07 0.20
0.06 0.19
0.56 600
0.54 600
0.07 0.16
0.54 600
0.54 600
0.05 0.18
0.07 0.17
0.08 0.17
0.06 0.19
0.07 0.18
0.06 0.16
0.07 0.18
0.07 0.18
0.08 0.19
0.06 0.16
0.06 0.16
0.07 0.18
0.07 0.18
0.06 0.17
0.07 0.16
0.08 0.17
0.08 0.17
0.08 0.17
0.08 0.17
0.07 0.16
0.07 0.16
0.07 0.17
0.06 0.16
0.01 0.02
0.02 0.02
0.02 0.02
0.02 0.02
0.03 0.02
0.01 0.02
0.02 0.02
600 600
0.02 0.02
0.01 0.02
0.02 0.02
0.02 0.01
0.01 0.01
0.02 0.02
0.02 0.02
0.02 0.02
600 600
600 600
600 600
0.02 0.02
0.01 0.02
0.02 0.02
0.02 0.01
0.01 0.02
0.01 0.02
0.02 0.02
0.01 0.02
600 600
0.01 0.01
600 600
600 600
0.02 0.01
1.67 0.03
0.02 0.02
0.01 0.01
0.02 0.02
0.01 0.01
0.02 0.02
0.02 0.01
0.02 0.02
0.02 0.02
0.01 0.02
0.02 0.02
0.02 0.02
0.01 0.02
0.01 0.02
0.19 0.02
0.01 0.02
1.34 600
0.01 0.01
0.01 0.02
0.02 0.02
0.03 0.02
0.02 0.03
0.02 0.03
600 600
0.02 0.02
600 600
600 600
600 600
600 600
600 600
600 600
600 600
600 600
600 600
600 600
600 600
600 600
600 600
0.03 1.47
600 600
0.02 0.04
0.03 0.04
600 600
600 600
600 600
600 600
600 600
600 600
600 600
600 600
600 600
600 600
0.04 0.06
0.03 0.08
0.04 0.08
0.04 0.06
0.03 0.06
0.04 0.06
600 600
600 600
600 600
600 600
600 600
600 600
0.02 0.03
600 0.03
600 600
600 600
600 600
600 600
600 600
600 600
0.40 0.38
600 600
600 600
600 600
600 600
600 600
600 600
600 600
0.12 0.12
0.22 0.21
600 600
600 600
600 600
0.08 0.09
600 600
600 600
600 600
600 600
600 148.90
2.00 2.09
600 600
1.28 1.28
600 600
0.30 0.28
1.86 600
600 600
0.06 0.07
3.14 154.02
0.09 0.09
600 600
0.31 0.30
0.09 0.10
0.32 0.30
600 600
600 600
600 600
600 600
0.07 0.07
600 600
600 600
600 600
0.10 0.11
600 600
600 600
600 600
600 600
600 600
600 600
600 600
600 600
0.09 0.10
600 600
600 600
600 600
600 600
600 600
600 600
600 600
600 600
600 600
0.35 0.34
0.01 0.02
0.02 0.03
0.01 0.01
0.01 0.01
0.30 0.06
0.02 0.04
15.76 56.77
600 0.02
0.01 0.29
0.16 0.02
0.04 0.01
0.16 0.01
0.03 0.03
600 0.01
600 600
4.18 0.02
0.10 0.05
600 600
600 0.02
600 0.02
0.03 0.02
0.02 0.02
0.01 0.02
7.02 0.02
0.19 0.02
600 600
600 600
600 0.05
0.38 0.03
0.09 0.04
16.81 0.45
600 600
0.11 0.04
0.10 0.03
6.10 6.93
39.46 0.02
4.76 0.02
4.41 0.02
0.03 0.02
600 0.02
14.87 0.02
600 0.02
0.02 0.02
0.01 0.01
0.01 0.02
1.92 0.02
4.10 0.02
0.01 0.02
0.04 0.02
0.10 0.02
0.05 0.02
0.04 0.02
6.82 0.02
25.82 0.02
3.47 0.02
2.80 0.01
600 0.01
600 0.02
600 600
600 0.18
600 1.55
600 1.06
600 0.98
600 0.94
600 0.38
600 1.62
600 0.98
0.06 0.02
600 600
600 4.62
0.01 0.02
50.15 600
0.02 0.01
0.01 0.01
600 0.02
0.02 0.02
600 0.02
0.06 0.22
600 0.11
0.01 0.02
0.16 0.01
0.16 0.02
600 0.01
67.53 0.02
0.02 0.03
600 0.03
600 0.07
0.02 0.02
0.01 0.03
0.01 0.02
0.02 0.03
600 0.02
600 0.02
600 0.18
600 0.19
600 0.02
600 0.02
600 0.02
600 600
600 600
600 0.02
600 0.02
0.02 0.05
0.01 0.02
80.64 600
0.02 0.02
0.30 0.03
0.28 0.14
600 600
600 600
1.28 0.02
0.02 0.03
600 6.17
1.63 0.02
0.18 0.02
39.25 0.02
16.93 0.03
0.07 0.03
0.08 0.02
600 0.03
231.41 0.02
0.08 0.02
17.94 0.02
0.07 0.02
109.22 0.03
0.07 0.02
2.71 0.05
1.71 0.02
0.95 0.02
0.28 0.02
1.79 0.02
600 0.03
20.60 0.02
74.74 0.03
0.08 0.02
4.31 0.03
13.73 0.02
1.38 0.02
600 0.02
0.08 0.03
0.03 0.03
0.04 0.06
600 0.03
600 0.03
5.59 600
0.06 0.06
600 0.03
600 0.02
600 0.06
600 0.04
600 0.05
600 0.03
600 0.05
8.65 0.04
600 0.05
0.22 0.05
0.20 0.21
0.18 0.07
0.24 0.41
1.69 0.08
0.70 0.35
600 600
600 600
600 0.10
0.02 0.03
0.02 0.04
0.10 0.10
0.08 0.04
0.03 0.06
1.20 10.30
600 600
0.09 0.04
600 0.31
0.10 0.12
0.02 0.02
0.01 0.02
0.01 0.02
600 600
600 600
600 600
